Iteration	CPUTime	PhysTime	Travels	Value	AvValue	MinValue	MaxValue	Delta	Criteria	PrevAvRefValue	Progress	CriteriaType	CriteriaVarType	CriteriaPercentage
1	2	0	0.0208741832	300007.962	300007.962	300007.962	300007.962	0	0	0	0	0	0	3
2	3	0	0.0417483664	300005.131	300006.547	300005.131	300007.962	1.41554421	0	0	0	0	0	3
3	3	0	0.0626225495	300003.049	300005.381	300003.049	300007.962	2.58139099	0	0	0	0	0	3
4	3	0	0.0834967327	300002.286	300004.607	300002.286	300007.962	3.35522133	0	0	0	0	0	3
5	4	0	0.104370916	300002.184	300004.122	300002.184	300007.962	3.83992402	0	0	0	0	0	3
6	4	0	0.125245099	300002.307	300003.82	300002.184	300007.962	4.14244689	0	0	0	0	0	3
7	5	0	0.146119282	300002.456	300003.625	300002.184	300007.962	4.33728896	0	0	0	0	0	3
8	5	0	0.166993465	300002.592	300003.496	300002.184	300007.962	4.4663614	0	0	0	0	0	3
9	6	0	0.187867649	300002.637	300003.401	300002.184	300007.962	4.56180195	0	0	0	0	0	3
10	6	0	0.208741832	300002.668	300003.327	300002.184	300007.962	4.6350113	0	0	0	0	0	3
11	6	0	0.229616015	300002.654	300003.266	300002.184	300007.962	4.69622364	0	0	0	0	0	3
12	7	0	0.250490198	300002.677	300003.217	300002.184	300007.962	4.74531093	0	0	0	0	0	3
13	7	0	0.271364381	300002.699	300003.177	300002.184	300007.962	4.78515056	0	0	0	0	0	3
14	8	0	0.292238564	300002.747	300003.146	300002.184	300007.962	4.81591242	0	0	0	0	0	3
15	8	0	0.313112748	300002.788	300003.123	300002.184	300007.962	4.83979729	0	0	0	0	0	3
16	8	0	0.333986931	300002.834	300003.104	300002.184	300007.962	4.85785139	0	0	0	0	0	3
17	9	0	0.354861114	300002.881	300003.091	300002.184	300007.962	4.87099846	0	0	0	0	0	3
18	9	0	0.375735297	300002.918	300003.082	300002.184	300007.962	4.88060614	0	0	0	0	0	3
19	10	0	0.39660948	300002.95	300003.075	300002.184	300007.962	4.88755625	0	0	0	0	0	3
20	10	0	0.417483664	300002.984	300003.07	300002.184	300007.962	4.89207938	0	0	0	0	0	3
21	11	0	0.438357847	300003.004	300003.067	300002.184	300007.962	4.8952301	0	0	0	0	0	3
22	11	0	0.45923203	300003.027	300003.065	300002.184	300007.962	4.89703446	0	0	0	0	0	3
23	12	0	0.480106213	300003.045	300003.064	300002.184	300007.962	4.89793082	0	0	0	0	0	3
24	12	0	0.500980396	300003.064	300003.064	300002.184	300007.962	4.89794015	0	0	0	0	0	3
25	12	0	0.521854579	300003.079	300002.861	300002.184	300005.131	2.94764634	0	0	0	0	0	3
26	13	0	0.542728763	300003.091	300002.776	300002.184	300003.091	0.907182723	0	0	0	0	0	3
27	13	0	0.563602946	300003.099	300002.778	300002.184	300003.099	0.915284389	0	0	0	0	0	3
28	14	0	0.584477129	300003.11	300002.812	300002.184	300003.11	0.926331142	0	0	0	0	0	3
29	14	0	0.605351312	300003.118	300002.851	300002.307	300003.118	0.81109689	0	0	0	0	0	3
30	15	0	0.626225495	300003.128	300002.885	300002.456	300003.128	0.671988564	0	0	0	0	0	3
31	15	0	0.647099679	300003.131	300002.914	300002.592	300003.131	0.538995999	0	0	0	0	0	3
32	15	0	0.667973862	300003.137	300002.936	300002.637	300003.137	0.499818619	0	0	0	0	0	3
33	16	0	0.688848045	300003.14	300002.957	300002.654	300003.14	0.486149788	0	0	0	0	0	3
34	16	0	0.709722228	300003.145	300002.977	300002.654	300003.145	0.490199449	0	0	0	0	0	3
35	17	0	0.730596411	300003.147	300002.998	300002.677	300003.147	0.441112155	0	0	0	0	0	3
36	17	0	0.751470594	300003.15	300003.017	300002.699	300003.15	0.401272525	0	0	0	0	0	3
37	18	0	0.772344778	300003.154	300003.036	300002.747	300003.154	0.370510665	0	0	0	0	0	3
38	18	0	0.793218961	300003.155	300003.053	300002.788	300003.155	0.346625795	0	0	0	0	0	3
39	18	0	0.814093144	300003.159	300003.069	300002.834	300003.159	0.325067629	0	0	0	0	0	3
40	19	0	0.834967327	300003.16	300003.082	300002.881	300003.16	0.279030382	0	0	0	0	0	3
41	19	0	0.85584151	300003.158	300003.094	300002.918	300003.16	0.241615627	0	0	0	0	0	3
42	20	0	0.876715693	300003.16	300003.104	300002.95	300003.16	0.210336995	0	0	0	0	0	3
43	20	0	0.897589877	300003.16	300003.113	300002.984	300003.16	0.175697624	0	0	0	0	0	3
44	20	0	0.91846406	300003.158	300003.12	300003.004	300003.16	0.155923315	0	0	0	0	0	3
45	21	0	0.939338243	300003.158	300003.126	300003.027	300003.16	0.132604964	0	0	0	0	0	3
46	21	0	0.960212426	300003.158	300003.132	300003.045	300003.16	0.115329543	0	0	0	0	0	3
47	22	0	0.981086609	300003.156	300003.136	300003.064	300003.16	0.0958335561	0	0	0	0	0	3
48	22	0	1.00196079	300003.154	300003.14	300003.079	300003.16	0.0808056473	0.0292924077	0	36.2	0	0	3
49	23	0	1.02283498	300003.153	300003.143	300003.091	300003.16	0.0692308671	0.0292924077	0	42.3	0	0	3
50	23	0	1.04370916	300003.148	300003.146	300003.099	300003.16	0.0611292004	0.0292924077	0	47.9	0	0	3
51	23	0	1.06458334	300003.136	300003.147	300003.11	300003.16	0.0500824475	0.0292924077	0	58.4	0	0	3
52	24	0	1.08545753	300003.128	300003.148	300003.118	300003.16	0.0416432097	0.0292924077	0	70.3	0	0	3
53	24	0	1.10633171	300003.115	300003.148	300003.115	300003.16	0.0454301509	0.0292924077	0	64.4	0	0	3
54	25	0	1.12720589	300003.099	300003.147	300003.099	300003.16	0.0612713153	0.0292924077	0	47.8	0	0	3
55	25	0	1.14808007	300003.074	300003.144	300003.074	300003.16	0.0863671944	0.0292924077	0	33.9	0	0	3
56	26	0	1.16895426	300003.048	300003.141	300003.048	300003.16	0.111745126	0.0292924077	0	26.2	0	0	3
57	26	0	1.18982844	300003.008	300003.135	300003.008	300003.16	0.151576548	0.0292924077	0	19.3	0	0	3
58	27	0	1.21070262	300002.968	300003.128	300002.968	300003.16	0.15038153	0.0292924077	0	19.4	0	0	3
59	27	0	1.23157681	300002.919	300003.118	300002.919	300003.16	0.130656492	0.0292924077	0	22.4	0	0	3
60	27	0	1.25245099	300002.872	300003.107	300002.872	300003.16	0.111716461	0.0292924077	0	26.2	0	0	3
61	28	0	1.27332517	300002.818	300003.093	300002.818	300003.16	0.0946826977	0.0292924077	0	30.9	0	0	3
62	28	0	1.29419936	300002.763	300003.076	300002.763	300003.16	0.0792414373	0.0292924077	0	36.9	0	0	3
63	29	0	1.31507354	300002.714	300003.058	300002.714	300003.16	0.0902755406	0.0292924077	0	32.4	0	0	3
64	29	0	1.33594772	300002.666	300003.037	300002.666	300003.16	0.110876098	0.0292924077	0	26.4	0	0	3
65	30	0	1.35682191	300002.624	300003.015	300002.624	300003.16	0.133133982	0.0292924077	0	22	0	0	3
66	30	0	1.37769609	300002.583	300002.991	300002.583	300003.16	0.157168702	0.0292924077	0	18.6	0	0	3
67	31	0	1.39857027	300002.545	300002.965	300002.545	300003.158	0.182781322	0.0292924077	0	16	0	0	3
68	31	0	1.41944446	300002.516	300002.938	300002.516	300003.158	0.209532	0.0292924077	0	13.9	0	0	3
69	31	0	1.44031864	300002.482	300002.91	300002.482	300003.158	0.237692101	0.0292924077	0	12.3	0	0	3
70	32	0	1.46119282	300002.458	300002.881	300002.458	300003.156	0.266834867	0.0292924077	0	10.9	0	0	3
71	32	0	1.48206701	300002.436	300002.851	300002.436	300003.154	0.296830346	0.0292924077	0	9.8	0	0	3
72	33	0	1.50294119	300002.421	300002.821	300002.421	300003.153	0.327385524	0.0292924077	0	8.9	0	0	3
73	33	0	1.52381537	300002.399	300002.789	300002.399	300003.148	0.35879242	0.0292924077	0	8.1	0	0	3
74	34	0	1.54468956	300002.388	300002.758	300002.388	300003.136	0.390441024	0.0292924077	0	7.5	0	0	3
75	34	0	1.56556374	300002.373	300002.726	300002.373	300003.128	0.422251232	0.0292924077	0	6.9	0	0	3
76	35	0	1.58643792	300002.364	300002.694	300002.364	300003.115	0.453937044	0.0292924077	0	6.4	0	0	3
77	35	0	1.6073121	300002.346	300002.662	300002.346	300003.099	0.484735681	0.0292924077	0	6	0	0	3
78	35	0	1.62818629	300002.338	300002.63	300002.338	300003.074	0.514024678	0.0292924077	0	5.6	0	0	3
79	36	0	1.64906047	300002.323	300002.599	300002.323	300003.048	0.54161543	0.0292924077	0	5.4	0	0	3
80	36	0	1.66993465	300002.318	300002.569	300002.318	300003.008	0.566548978	0.0292924077	0	5.1	0	0	3
81	37	0	1.69080884	300002.306	300002.539	300002.306	300002.968	0.588464424	0.0292924077	0	4.9	0	0	3
82	37	0	1.71168302	300002.301	300002.511	300002.301	300002.919	0.606787955	0.0292924077	0	4.8	0	0	3
83	38	0	1.7325572	300002.285	300002.485	300002.285	300002.872	0.587218121	0.0292924077	0	4.9	0	0	3
84	38	0	1.75343139	300002.282	300002.46	300002.282	300002.818	0.535960094	0.0292924077	0	5.4	0	0	3
85	39	0	1.77430557	300002.266	300002.437	300002.266	300002.763	0.496726765	0.0292924077	0	5.8	0	0	3
86	39	0	1.79517975	300002.26	300002.416	300002.26	300002.714	0.45428474	0.0292924077	0	6.4	0	0	3
87	39	0	1.81605394	300002.246	300002.397	300002.246	300002.666	0.419753697	0.0292924077	0	6.9	0	0	3
88	40	0	1.83692812	300002.244	300002.379	300002.244	300002.624	0.380322505	0.0292924077	0	7.7	0	0	3
89	40	0	1.8578023	300002.231	300002.363	300002.231	300002.583	0.352418023	0.0292924077	0	8.3	0	0	3
90	41	0	1.87867649	300002.224	300002.348	300002.224	300002.545	0.321221754	0.0292924077	0	9.1	0	0	3
91	41	0	1.89955067	300002.21	300002.334	300002.21	300002.516	0.305712678	0.0292924077	0	9.5	0	0	3
92	42	0	1.92042485	300002.206	300002.321	300002.206	300002.482	0.27613234	0.0292924077	0	10.6	0	0	3
93	42	0	1.94129904	300002.194	300002.309	300002.194	300002.458	0.264117112	0.0292924077	0	11	0	0	3
94	42	0	1.96217322	300002.193	300002.298	300002.193	300002.436	0.24331676	0.0292924077	0	12	0	0	3
95	43	0	1.9830474	300002.182	300002.287	300002.182	300002.421	0.238954195	0.0292924077	0	12.2	0	0	3
96	43	0	2.00392159	300002.18	300002.277	300002.18	300002.399	0.219233321	0.0292924077	0	13.3	0	0	3
97	44	0	2.02479577	300002.169	300002.268	300002.169	300002.388	0.218949207	0.0292924077	0	13.3	0	0	3
98	44	0	2.04566995	300002.17	300002.259	300002.169	300002.373	0.203462756	0.0292924077	0	14.3	0	0	3
99	45	0	2.06654413	300002.162	300002.25	300002.162	300002.364	0.20196716	0.0292924077	0	14.5	0	0	3
100	45	0	2.08741832	300002.162	300002.242	300002.162	300002.346	0.184370878	0.0292924077	0	15.8	0	0	3
101	46	0	2.1082925	300002.154	300002.234	300002.154	300002.338	0.184065191	0.0292924077	0	15.9	0	0	3
102	46	0	2.12916668	300002.156	300002.226	300002.154	300002.323	0.168984453	0.0292924077	0	17.3	0	0	3
103	47	0	2.15004087	300002.148	300002.219	300002.148	300002.318	0.17015903	0.0292924077	0	17.2	0	0	3
104	47	0	2.17091505	300002.15	300002.212	300002.148	300002.306	0.157887375	0.0292924077	0	18.5	0	0	3
105	47	0	2.19178923	300002.143	300002.205	300002.143	300002.301	0.157975928	0.0292924077	0	18.5	0	0	3
106	48	0	2.21266342	300002.144	300002.198	300002.143	300002.285	0.14249708	0.0292924077	0	20.5	0	0	3
107	48	0	2.2335376	300002.135	300002.192	300002.135	300002.282	0.146787674	0.0292924077	0	19.9	0	0	3
108	49	0	2.25441178	300002.137	300002.186	300002.135	300002.266	0.131403744	0.0292924077	0	22.2	0	0	3
109	49	0	2.27528597	300002.128	300002.18	300002.128	300002.26	0.13149289	0.0292924077	0	22.2	0	0	3
110	50	0	2.29616015	300002.131	300002.175	300002.128	300002.246	0.117419351	0.0292924077	0	24.9	0	0	3
111	50	0	2.31703433	300002.122	300002.17	300002.122	300002.244	0.121245127	0.0292924077	0	24.1	0	0	3
112	51	0	2.33790852	300002.123	300002.165	300002.122	300002.231	0.108201953	0.0292924077	0	27	0	0	3
113	51	0	2.3587827	300002.115	300002.16	300002.115	300002.224	0.1093486	0.0292924077	0	26.7	0	0	3
114	52	0	2.37965688	300002.118	300002.155	300002.115	300002.21	0.0957570667	0.0292924077	0	30.5	0	0	3
115	52	0	2.40053107	300002.11	300002.151	300002.11	300002.206	0.0962096351	0.0292924077	0	30.4	0	0	3
116	52	0	2.42140525	300002.111	300002.147	300002.11	300002.194	0.0841154257	0.0292924077	0	34.8	0	0	3
117	53	0	2.44227943	300002.104	300002.144	300002.104	300002.193	0.0888058508	0.0292924077	0	32.9	0	0	3
118	53	0	2.46315361	300002.108	300002.14	300002.104	300002.182	0.0781776821	0.0292924077	0	37.4	0	0	3
119	54	0	2.4840278	300002.101	300002.137	300002.101	300002.18	0.0788701128	0.0292924077	0	37.1	0	0	3
120	54	0	2.50490198	300002.103	300002.133	300002.101	300002.17	0.0687871578	0.0292924077	0	42.5	0	0	3
121	55	0	2.52577616	300002.096	300002.13	300002.096	300002.17	0.0741126643	0.0292924077	0	39.5	0	0	3
122	55	0	2.54665035	300002.1	300002.128	300002.096	300002.162	0.0661134205	0.0292924077	0	44.3	0	0	3
123	56	0	2.56752453	300002.094	300002.125	300002.094	300002.162	0.0681389763	0.0292924077	0	42.9	0	0	3
124	56	0	2.58839871	300002.096	300002.122	300002.094	300002.156	0.0617765516	0.0292924077	0	47.4	0	0	3
125	56	0	2.6092729	300002.09	300002.119	300002.09	300002.156	0.0653726924	0.0292924077	0	44.8	0	0	3
126	57	0	2.63014708	300002.094	300002.117	300002.09	300002.15	0.0597461211	0.0292924077	0	49	0	0	3
127	57	0	2.65102126	300002.088	300002.114	300002.088	300002.15	0.0617144745	0.0292924077	0	47.4	0	0	3
128	58	0	2.67189545	300002.091	300002.112	300002.088	300002.144	0.0557656052	0.0292924077	0	52.5	0	0	3
129	58	0	2.69276963	300002.085	300002.109	300002.085	300002.144	0.0590061621	0.0292924077	0	49.6	0	0	3
130	59	0	2.71364381	300002.088	300002.107	300002.085	300002.137	0.0515751707	0.0292924077	0	56.7	0	0	3
131	59	0	2.734518	300002.083	300002.105	300002.083	300002.137	0.0532824437	0.0292924077	0	54.9	0	0	3
132	60	0	2.75539218	300002.085	300002.103	300002.083	300002.131	0.0471041703	0.0292924077	0	62.1	0	0	3
133	60	0	2.77626636	300002.08	300002.101	300002.08	300002.131	0.050720192	0.0292924077	0	57.7	0	0	3
134	60	0	2.79714055	300002.082	300002.099	300002.08	300002.123	0.0430821537	0.0292924077	0	67.9	0	0	3
135	61	0	2.81801473	300002.077	300002.097	300002.077	300002.123	0.0454112911	0.0292924077	0	64.5	0	0	3
136	61	0	2.83888891	300002.08	300002.095	300002.077	300002.118	0.0400501796	0.0292924077	0	73.1	0	0	3
137	62	0	2.8597631	300002.074	300002.093	300002.074	300002.118	0.0438759764	0.0292924077	0	66.7	0	0	3
138	62	0	2.88063728	300002.077	300002.092	300002.074	300002.111	0.0376453629	0.0292924077	0	77.8	0	0	3
139	63	0	2.90151146	300002.073	300002.09	300002.073	300002.111	0.0387771394	0.0292924077	0	75.5	0	0	3
140	63	0	2.92238564	300002.075	300002.089	300002.073	300002.108	0.0356074945	0.0292924077	0	82.2	0	0	3
141	63	0	2.94325983	300002.07	300002.087	300002.07	300002.108	0.0379961602	0.0292924077	0	77	0	0	3
142	64	0	2.96413401	300002.073	300002.086	300002.07	300002.103	0.0329609246	0.0292924077	0	88.8	0	0	3
143	64	0	2.98500819	300002.068	300002.084	300002.068	300002.103	0.0348085575	0.0292924077	0	84.1	0	0	3
144	65	0	3.00588238	300002.071	300002.083	300002.068	300002.1	0.0321226597	0.0292924077	0	91.1	0	0	3
145	65	0	3.02675656	300002.066	300002.082	300002.066	300002.1	0.0343771498	0.0292924077	0	85.2	0	0	3
146	66	0	3.04763074	300002.07	300002.08	300002.066	300002.096	0.0300489806	0.0292924077	0	97.4	0	0	3
147	66	0	3.06850493	300002.066	300002.079	300002.066	300002.096	0.0300489806	0.0292924077	0	97.4	0	0	3
148	67	0	3.08937911	300002.07	300002.078	300002.066	300002.094	0.0280896879	0.0292924077	0	100	0	0	3
149	67	0	3.11025329	300002.064	300002.077	300002.064	300002.094	0.0299150756	0.0292924077	0	97.9	0	0	3
150	67	0	3.13112748	300002.068	300002.076	300002.064	300002.091	0.0266018335	0.0292924077	0	100	0	0	3
151	68	0	3.15200166	300002.065	300002.075	300002.064	300002.091	0.0266018335	0.0292924077	0	100	0	0	3
152	68	0	3.17287584	300002.068	300002.074	300002.064	300002.088	0.0236730814	0.0292924077	0	100	0	0	3
153	69	0	3.19375003	300002.064	300002.073	300002.064	300002.088	0.0241808266	0.0292924077	0	100	0	0	3
154	69	0	3.21462421	300002.067	300002.072	300002.064	300002.085	0.0213008127	0.0292924077	0	100	0	0	3
155	70	0	3.23549839	300002.064	300002.072	300002.064	300002.085	0.0213008127	0.0292924077	0	100	0	0	3
156	70	0	3.25637258	300002.068	300002.071	300002.064	300002.082	0.0186825219	0.0292924077	0	100	0	0	3
157	71	0	3.27724676	300002.064	300002.07	300002.064	300002.082	0.0187339622	0.0292924077	0	100	0	0	3
158	71	0	3.29812094	300002.067	300002.07	300002.064	300002.08	0.0162674941	0.0292924077	0	100	0	0	3
159	72	0	3.31899513	300002.064	300002.069	300002.064	300002.08	0.0162674941	0.0292924077	0	100	0	0	3
160	73	0	3.33986931	300002.067	300002.068	300002.064	300002.077	0.0131820182	0.0292924077	0	100	0	0	3
161	73	0	3.36074349	300002.063	300002.068	300002.063	300002.077	0.0137666589	0.0292924077	0	100	0	0	3
162	74	0	3.38161767	300002.066	300002.068	300002.063	300002.075	0.01184752	0.0292924077	0	100	0	0	3
163	74	0	3.40249186	300002.063	300002.067	300002.063	300002.075	0.011898722	0.0292924077	0	100	0	0	3
164	74	0	3.42336604	300002.066	300002.067	300002.063	300002.073	0.00978536624	0.0292924077	0	100	0	0	3
165	75	0	3.44424022	300002.062	300002.066	300002.062	300002.073	0.0107589671	0.0292924077	0	100	0	0	3
166	75	0	3.46511441	300002.066	300002.066	300002.062	300002.071	0.00910177414	0.0292924077	0	100	0	0	3
167	76	0	3.48598859	300002.063	300002.066	300002.062	300002.071	0.00910177414	0.0292924077	0	100	0	0	3
168	76	0	3.50686277	300002.067	300002.066	300002.062	300002.07	0.00802208908	0.0292924077	0	100	0	0	3
169	77	0	3.52773696	300002.064	300002.066	300002.062	300002.07	0.00802208908	0.0292924077	0	100	0	0	3
170	77	0	3.54861114	300002.067	300002.066	300002.062	300002.07	0.00746396097	0.0292924077	0	100	0	0	3
171	78	0	3.56948532	300002.064	300002.065	300002.062	300002.07	0.00746396097	0.0292924077	0	100	0	0	3
172	78	0	3.59035951	300002.068	300002.065	300002.062	300002.068	0.00611151231	0.0292924077	0	100	0	0	3
173	79	0	3.61123369	300002.065	300002.065	300002.062	300002.068	0.00611151231	0.0292924077	0	100	0	0	3
174	79	0	3.63210787	300002.069	300002.065	300002.062	300002.069	0.00714589789	0.0292924077	0	100	0	0	3
175	80	0	3.65298206	300002.066	300002.066	300002.062	300002.069	0.00714589789	0.0292924077	0	100	0	0	3
176	80	0	3.67385624	300002.07	300002.066	300002.062	300002.07	0.00786470762	0.0292924077	0	100	0	0	3
177	81	0	3.69473042	300002.068	300002.066	300002.062	300002.07	0.00700421468	0.0292924077	0	100	0	0	3
178	81	0	3.71560461	300002.071	300002.066	300002.062	300002.071	0.00620637601	0.0292924077	0	100	0	0	3
179	81	0	3.73647879	300002.068	300002.066	300002.062	300002.071	0.00550202443	0.0292924077	0	100	0	0	3
180	82	0	3.75735297	300002.073	300002.066	300002.062	300002.073	0.00482860475	0.0292924077	0	100	0	0	3
181	82	0	3.77822716	300002.07	300002.067	300002.062	300002.073	0.00419744919	0.0292924077	0	100	0	0	3
182	83	0	3.79910134	300002.074	300002.067	300002.062	300002.074	0.0036212554	0.0292924077	0	100	0	0	3
183	83	0	3.81997552	300002.071	300002.067	300002.062	300002.074	0.00306914374	0.0292924077	0	100	0	0	3
184	84	0	3.8408497	300002.075	300002.068	300002.062	300002.075	0.00262781954	0.0292924077	0	100	0	0	3
185	84	0	3.86172389	300002.073	300002.068	300002.062	300002.075	0.002554078	0.0292924077	0	100	0	0	3
186	85	0	3.88259807	300002.076	300002.068	300002.062	300002.076	0.00297468959	0.0292924077	0	100	0	0	3
187	85	0	3.90347225	300002.074	300002.069	300002.062	300002.076	0.0034201282	0.0292924077	0	100	0	0	3
188	86	0	3.92434644	300002.078	300002.069	300002.062	300002.078	0.00393130677	0.0292924077	0	100	0	0	3
189	86	0	3.94522062	300002.076	300002.07	300002.063	300002.078	0.00450896035	0.0292924077	0	100	0	0	3
190	87	0	3.9660948	300002.08	300002.07	300002.063	300002.08	0.00508444203	0.0292924077	0	100	0	0	3
191	87	0	3.98696899	300002.077	300002.071	300002.064	300002.08	0.00567170233	0.0292924077	0	100	0	0	3
192	88	0	4.00784317	300002.081	300002.072	300002.064	300002.081	0.00628139597	0.0292924077	0	100	0	0	3
