Iteration	CPUTime	PhysTime	Travels	Value	AvValue	MinValue	MaxValue	Delta	Criteria	PrevAvRefValue	Progress	CriteriaType	CriteriaVarType	CriteriaPercentage
1	2	0	0.0208741832	293.211573	293.211573	293.211573	293.211573	0	0	0	0	0	0	3
2	3	0	0.0417483664	293.227464	293.219518	293.211573	293.227464	0.00794585392	0	0	0	0	0	3
3	3	0	0.0626225495	293.249383	293.229473	293.211573	293.249383	0.0179006621	0	0	0	0	0	3
4	3	0	0.0834967327	293.279479	293.241975	293.211573	293.279479	0.030402075	0	0	0	0	0	3
5	4	0	0.104370916	293.320215	293.257623	293.211573	293.320215	0.0460500947	0	0	0	0	0	3
6	4	0	0.125245099	293.374411	293.277087	293.211573	293.374411	0.065514761	0	0	0	0	0	3
7	5	0	0.146119282	293.44512	293.301092	293.211573	293.44512	0.0895193752	0	0	0	0	0	3
8	5	0	0.166993465	293.535359	293.330375	293.211573	293.535359	0.118802775	0	0	0	0	0	3
9	6	0	0.187867649	293.647596	293.365622	293.211573	293.647596	0.154049524	0	0	0	0	0	3
10	6	0	0.208741832	293.7834	293.4074	293.211573	293.7834	0.19582732	0	0	0	0	0	3
11	6	0	0.229616015	294.087275	293.469207	293.211573	294.087275	0.257634124	0	0	0	0	0	3
12	7	0	0.250490198	294.364098	293.543781	293.211573	294.364098	0.33220838	0	0	0	0	0	3
13	7	0	0.271364381	294.621004	293.626644	293.211573	294.621004	0.41507167	0	0	0	0	0	3
14	8	0	0.292238564	294.87136	293.715553	293.211573	294.87136	0.503979965	0	0	0	0	0	3
15	8	0	0.313112748	295.121704	293.809296	293.211573	295.121704	0.597723399	0	0	0	0	0	3
16	8	0	0.333986931	295.417879	293.909832	293.211573	295.417879	0.698259837	0	0	0	0	0	3
17	9	0	0.354861114	295.715751	294.016063	293.211573	295.715751	0.804490316	0	0	0	0	0	3
18	9	0	0.375735297	295.996286	294.126075	293.211573	295.996286	0.914502729	0	0	0	0	0	3
19	10	0	0.39660948	296.267667	294.238791	293.211573	296.267667	1.02721811	0	0	0	0	0	3
20	10	0	0.417483664	296.538784	294.35379	293.211573	296.538784	1.1422178	0	0	0	0	0	3
21	11	0	0.438357847	296.876224	294.473906	293.211573	296.876224	1.26233367	0	0	0	0	0	3
22	11	0	0.45923203	297.219026	294.598684	293.211573	297.219026	1.38711183	0	0	0	0	0	3
23	12	0	0.480106213	297.532904	294.726259	293.211573	297.532904	1.51468658	0	0	0	0	0	3
24	12	0	0.500980396	297.862446	294.856934	293.211573	297.862446	1.64536106	0	0	0	0	0	3
25	12	0	0.521854579	298.165351	295.063341	293.227464	298.165351	1.84382262	0	0	0	0	0	3
26	13	0	0.542728763	298.576263	295.286208	293.249383	298.576263	2.05673444	0	0	0	0	0	3
27	13	0	0.563602946	299.000044	295.525819	293.279479	299.000044	2.2838439	0	0	0	0	0	3
28	14	0	0.584477129	299.390378	295.780439	293.320215	299.390378	2.52281668	0	0	0	0	0	3
29	14	0	0.605351312	299.755219	296.048565	293.374411	299.755219	2.77147719	0	0	0	0	0	3
30	15	0	0.626225495	300.109401	296.329189	293.44512	300.109401	3.02809716	0	0	0	0	0	3
31	15	0	0.647099679	300.59652	296.627164	293.535359	300.59652	3.29678879	0	0	0	0	0	3
32	15	0	0.667973862	301.036664	296.939718	293.647596	301.036664	3.57409639	0	0	0	0	0	3
33	16	0	0.688848045	301.456088	297.265072	293.7834	301.456088	3.85767244	0	0	0	0	0	3
34	16	0	0.709722228	301.874745	297.602212	294.087275	301.874745	4.13300501	0	0	0	0	0	3
35	17	0	0.730596411	302.319114	297.945205	294.364098	302.319114	4.40142404	0	0	0	0	0	3
36	17	0	0.751470594	302.942968	298.302658	294.621004	302.942968	4.67601368	0	0	0	0	0	3
37	18	0	0.772344778	303.494329	298.67238	294.87136	303.494329	4.95682729	0	0	0	0	0	3
38	18	0	0.793218961	304.059533	299.05522	295.121704	304.059533	5.2459244	0	0	0	0	0	3
39	18	0	0.814093144	304.633688	299.451553	295.417879	304.633688	5.54172061	0	0	0	0	0	3
40	19	0	0.834967327	305.204311	299.859321	295.715751	305.204311	5.84325813	0	0	0	0	0	3
41	19	0	0.85584151	305.99658	300.287689	295.996286	305.99658	6.16161361	0	0	0	0	0	3
42	20	0	0.876715693	306.773674	300.736747	296.267667	306.773674	6.49795607	0	0	0	0	0	3
43	20	0	0.897589877	307.45805	301.203013	296.538784	307.45805	6.84922234	0	0	0	0	0	3
44	20	0	0.91846406	308.285762	301.69247	296.876224	308.285762	7.21856387	0	0	0	0	0	3
45	21	0	0.939338243	309.052786	302.199827	297.219026	309.052786	7.60114247	0	0	0	0	0	3
46	21	0	0.960212426	309.794081	302.723788	297.532904	309.794081	7.99752834	0	0	0	0	0	3
47	22	0	0.981086609	310.550749	303.266198	297.862446	310.550749	8.40926409	0	0	0	0	0	3
48	22	0	1.00196079	311.374343	303.829193	298.165351	311.374343	8.76585238	0.543748818	0	6.2	0	0	3
49	23	0	1.02283498	312.176935	304.413009	298.576263	312.176935	9.12680177	0.567826561	0	6.2	0	0	3
50	23	0	1.04370916	312.945216	305.011716	299.000044	312.945216	9.48589723	0.579350772	0	6.1	0	0	3
51	23	0	1.06458334	313.716572	305.624904	299.390378	313.716572	9.8444651	0.590604779	0	5.9	0	0	3
52	24	0	1.08545753	314.550362	306.25657	299.755219	314.550362	10.2080059	0.602179687	0	5.8	0	0	3
53	24	0	1.10633171	315.330252	306.90553	300.109401	315.330252	10.5763411	0.613478801	0	5.8	0	0	3
54	25	0	1.12720589	316.23226	307.577316	300.59652	316.23226	10.9501518	0.625168036	0	5.7	0	0	3
55	25	0	1.14808007	317.078468	308.264064	301.036664	317.078468	11.3243453	0.636757355	0	5.6	0	0	3
56	26	0	1.16895426	317.98921	308.97042	301.456088	317.98921	11.7053476	0.648443736	0	5.5	0	0	3
57	26	0	1.18982844	318.840257	309.69476	301.874745	318.840257	12.0925486	0.65991729	0	5.4	0	0	3
58	27	0	1.21070262	319.808688	310.442008	302.319114	319.808688	12.4968029	0.6710898	0	5.3	0	0	3
59	27	0	1.23157681	320.814868	311.212664	302.942968	320.814868	12.9100064	0.682220099	0	5.2	0	0	3
60	27	0	1.25245099	321.667393	311.992849	303.494329	321.667393	13.3204688	0.692984398	0	5.2	0	0	3
61	28	0	1.27332517	322.672071	312.791921	304.059533	322.672071	13.7367009	0.703833393	0	5.1	0	0	3
62	28	0	1.29419936	323.651002	313.608232	304.633688	323.651002	14.1566794	0.71469379	0	5	0	0	3
63	29	0	1.31507354	324.573436	314.439055	305.204311	324.573436	14.5797343	0.725358652	0	4.9	0	0	3
64	29	0	1.33594772	325.568689	315.287571	305.99658	325.568689	14.9998822	0.735997996	0	4.9	0	0	3
65	30	0	1.35682191	326.578567	316.145154	306.773674	326.578567	15.4084071	0.746672726	0	4.8	0	0	3
66	30	0	1.37769609	327.624984	317.013958	307.45805	327.624984	15.8109457	0.757453101	0	4.7	0	0	3
67	31	0	1.39857027	328.576062	317.893876	308.285762	328.576062	16.2014054	0.768172324	0	4.7	0	0	3
68	31	0	1.41944446	329.5484	318.779819	309.052786	329.5484	16.5799919	0.778771972	0	4.6	0	0	3
69	31	0	1.44031864	330.568169	319.676293	309.794081	330.568169	16.9525056	0.789329226	0	4.6	0	0	3
70	32	0	1.46119282	331.672341	320.587887	310.550749	331.672341	17.3216896	0.800004403	0	4.6	0	0	3
71	32	0	1.48206701	332.755618	321.51309	311.374343	332.755618	17.6838967	0.810734435	0	4.5	0	0	3
72	33	0	1.50294119	333.77549	322.446471	312.176935	333.77549	18.0334618	0.821466507	0	4.5	0	0	3
73	33	0	1.52381537	334.855462	323.39141	312.945216	334.855462	18.3796941	0.832142885	0	4.5	0	0	3
74	34	0	1.54468956	335.965108	324.350572	313.716572	335.965108	18.7256676	0.842789386	0	4.5	0	0	3
75	34	0	1.56556374	337.07282	325.323749	314.550362	337.07282	19.0671786	0.853444345	0	4.4	0	0	3
76	35	0	1.58643792	338.168586	326.307842	315.330252	338.168586	19.4023116	0.864121369	0	4.4	0	0	3
77	35	0	1.6073121	339.321086	327.30746	316.23226	339.321086	19.7301438	0.874887893	0	4.4	0	0	3
78	35	0	1.62818629	340.48797	328.318114	317.078468	340.48797	20.0540506	0.885616412	0	4.4	0	0	3
79	36	0	1.64906047	341.576993	329.338886	317.98921	341.576993	20.3684664	0.896280718	0	4.4	0	0	3
80	36	0	1.66993465	342.758514	330.370941	318.840257	342.758514	20.6761803	0.90699297	0	4.3	0	0	3
81	37	0	1.69080884	344.088845	331.422965	319.808688	344.088845	20.9809572	0.917884789	0	4.3	0	0	3
82	37	0	1.71168302	345.22563	332.482004	320.814868	345.22563	21.2693401	0.928746869	0	4.3	0	0	3
83	38	0	1.7325572	346.47537	333.551192	321.667393	346.47537	21.5583433	0.939524731	0	4.3	0	0	3
84	38	0	1.75343139	347.776048	334.639053	322.672071	347.776048	21.8471313	0.950328255	0	4.3	0	0	3
85	39	0	1.77430557	348.941978	335.733632	323.651002	348.941978	22.1253996	0.961034878	0	4.3	0	0	3
86	39	0	1.79517975	350.137957	336.837255	324.573436	350.137957	22.3981998	0.97166891	0	4.3	0	0	3
87	39	0	1.81605394	351.331653	337.952181	325.568689	351.331653	22.6646097	0.982236893	0	4.3	0	0	3
88	40	0	1.83692812	352.550094	339.076406	326.578567	352.550094	22.9312522	0.992596106	0	4.3	0	0	3
89	40	0	1.8578023	353.862301	340.213228	327.624984	353.862301	23.1992699	1.00284154	0	4.3	0	0	3
90	41	0	1.87867649	355.072519	341.356876	328.576062	355.072519	23.4630001	1.01297469	0	4.3	0	0	3
91	41	0	1.89955067	356.382738	342.515487	329.5484	356.382738	23.7356683	1.02297317	0	4.3	0	0	3
92	42	0	1.92042485	357.613403	343.684862	330.568169	357.613403	24.0085692	1.03283329	0	4.3	0	0	3
93	42	0	1.94129904	358.927951	344.86652	331.672341	358.927951	24.2786326	1.04263736	0	4.2	0	0	3
94	42	0	1.96217322	360.124773	346.052038	332.755618	360.124773	24.5389477	1.05230221	0	4.2	0	0	3
95	43	0	1.9830474	361.406235	347.245814	333.77549	361.406235	24.7993423	1.06184805	0	4.2	0	0	3
96	43	0	2.00392159	362.819801	348.455993	334.855462	362.819801	25.0645833	1.07137801	0	4.2	0	0	3
97	44	0	2.02479577	363.98599	349.669765	335.965108	363.98599	25.3191932	1.08076261	0	4.2	0	0	3
98	44	0	2.04566995	365.300665	350.89208	337.07282	365.300665	25.568331	1.09009781	0	4.2	0	0	3
99	45	0	2.06654413	366.548748	352.120244	338.168586	366.548748	25.812402	1.09931063	0	4.2	0	0	3
100	45	0	2.08741832	367.857938	353.3573	339.321086	367.857938	26.0498403	1.10847447	0	4.2	0	0	3
101	46	0	2.1082925	369.086761	354.597537	340.48797	369.086761	26.2794222	1.1174775	0	4.2	0	0	3
102	46	0	2.12916668	370.242969	355.837328	341.576993	370.242969	26.4984419	1.12631931	0	4.2	0	0	3
103	47	0	2.15004087	371.512879	357.084657	342.758514	371.512879	26.7137162	1.13503551	0	4.2	0	0	3
104	47	0	2.17091505	372.811615	358.336869	344.088845	372.811615	26.9139042	1.14368024	0	4.2	0	0	3
105	47	0	2.19178923	374.156638	359.589694	345.22563	374.156638	27.1076897	1.15221986	0	4.2	0	0	3
106	48	0	2.21266342	375.424923	360.847998	346.47537	375.424923	27.2968059	1.16060058	0	4.2	0	0	3
107	48	0	2.2335376	376.787945	362.111022	347.776048	376.787945	27.4719692	1.16895678	0	4.2	0	0	3
108	49	0	2.25441178	378.038781	363.371969	348.941978	378.038781	27.638337	1.17715753	0	4.2	0	0	3
109	49	0	2.27528597	379.337753	364.63846	350.137957	379.337753	27.8012045	1.18524679	0	4.2	0	0	3
110	50	0	2.29616015	380.616735	365.908409	351.331653	380.616735	27.9562279	1.19324763	0	4.2	0	0	3
111	50	0	2.31703433	381.959142	367.184554	352.550094	381.959142	28.1081481	1.20115979	0	4.2	0	0	3
112	51	0	2.33790852	383.140317	368.459147	353.862301	383.140317	28.2459184	1.20890499	0	4.2	0	0	3
113	51	0	2.3587827	384.433223	369.732935	355.072519	384.433223	28.3760595	1.21652564	0	4.2	0	0	3
114	52	0	2.37965688	385.734531	371.010519	356.382738	385.734531	28.4950319	1.22407455	0	4.2	0	0	3
115	52	0	2.40053107	387.052213	372.288414	357.613403	387.052213	28.6035515	1.23155276	0	4.3	0	0	3
116	52	0	2.42140525	388.220277	373.5637	358.927951	388.220277	28.6971803	1.23887644	0	4.3	0	0	3
117	53	0	2.44227943	389.576152	374.840709	360.124773	389.576152	28.7886707	1.24609728	0	4.3	0	0	3
118	53	0	2.46315361	390.713781	376.115251	361.406235	390.713781	28.869437	1.2531351	0	4.3	0	0	3
119	54	0	2.4840278	392.082964	377.393448	362.819801	392.082964	28.9374544	1.26012227	0	4.3	0	0	3
120	54	0	2.50490198	393.301351	378.663512	363.98599	393.301351	28.993747	1.26697303	0	4.3	0	0	3
121	55	0	2.52577616	394.643618	379.940913	365.300665	394.643618	29.0488333	1.27373169	0	4.3	0	0	3
122	55	0	2.54665035	395.783027	381.211012	366.548748	395.783027	29.0907681	1.28032054	0	4.4	0	0	3
123	56	0	2.56752453	397.071449	382.482791	367.857938	397.071449	29.1254909	1.28681074	0	4.4	0	0	3
124	56	0	2.58839871	398.337869	383.752788	369.086761	398.337869	29.1552516	1.29317512	0	4.4	0	0	3
125	56	0	2.6092729	399.511312	385.020478	370.242969	399.511312	29.1831495	1.29937674	0	4.4	0	0	3
126	57	0	2.63014708	400.775362	386.292661	371.512879	400.775362	29.208004	1.30548667	0	4.4	0	0	3
127	57	0	2.65102126	401.934095	387.560211	372.811615	401.934095	29.1224801	1.31143326	0	4.5	0	0	3
128	58	0	2.67189545	403.277904	388.82964	374.156638	403.277904	29.1212659	1.31723624	0	4.5	0	0	3
129	58	0	2.69276963	404.380205	390.088955	375.424923	404.380205	28.955282	1.32288317	0	4.5	0	0	3
130	59	0	2.71364381	405.786549	391.354023	376.787945	405.786549	28.9986043	1.32844966	0	4.5	0	0	3
131	59	0	2.734518	407.007294	392.613163	378.038781	407.007294	28.9685125	1.33385313	0	4.6	0	0	3
132	60	0	2.75539218	408.073464	393.864608	379.337753	408.073464	28.735711	1.33909231	0	4.6	0	0	3
133	60	0	2.77626636	409.278753	395.112149	380.616735	409.278753	28.6620174	1.34421151	0	4.6	0	0	3
134	60	0	2.79714055	410.460008	396.355619	381.959142	410.460008	28.5008666	1.34920731	0	4.7	0	0	3
135	61	0	2.81801473	411.592078	397.590325	383.140317	411.592078	28.4517606	1.35405848	0	4.7	0	0	3
136	61	0	2.83888891	412.76251	398.824583	384.433223	412.76251	28.3292875	1.35875107	0	4.7	0	0	3
137	62	0	2.8597631	413.93911	400.053995	385.734531	413.93911	28.2045785	1.36332688	0	4.8	0	0	3
138	62	0	2.88063728	415.146843	401.279508	387.052213	415.146843	28.0946295	1.36776684	0	4.8	0	0	3
139	63	0	2.90151146	416.321764	402.499072	388.220277	416.321764	28.1014878	1.37209084	0	4.8	0	0	3
140	63	0	2.92238564	417.44584	403.716804	389.576152	417.44584	27.8696884	1.37625873	0	4.9	0	0	3
141	63	0	2.94325983	418.670087	404.929052	390.713781	418.670087	27.9563063	1.38034583	0	4.9	0	0	3
142	64	0	2.96413401	419.879237	406.144279	392.082964	419.879237	27.7962731	1.3843229	0	4.9	0	0	3
143	64	0	2.98500819	420.977968	407.348237	393.301351	420.977968	27.6766176	1.38811681	0	5	0	0	3
144	65	0	3.00588238	422.249077	408.554393	394.643618	422.249077	27.6054582	1.39186448	0	5	0	0	3
145	65	0	3.02675656	423.353203	409.750625	395.783027	423.353203	27.5701758	1.39546975	0	5	0	0	3
146	66	0	3.04763074	424.468652	410.94586	397.071449	424.468652	27.3972036	1.39896085	0	5.1	0	0	3
147	66	0	3.06850493	425.486387	412.129815	398.337869	425.486387	27.148518	1.4022931	0	5.1	0	0	3
148	67	0	3.08937911	426.62003	413.308239	399.511312	426.62003	27.1087188	1.40553015	0	5.1	0	0	3
149	67	0	3.11025329	427.739341	414.484407	400.775362	427.739341	26.9639795	1.40869214	0	5.2	0	0	3
150	67	0	3.13112748	428.823581	415.653083	401.934095	428.823581	26.8894858	1.41173752	0	5.2	0	0	3
151	68	0	3.15200166	429.830678	416.81544	403.277904	429.830678	26.5527738	1.41463882	0	5.3	0	0	3
152	68	0	3.17287584	430.954932	417.96865	404.380205	430.954932	26.5747269	1.41742065	0	5.3	0	0	3
153	69	0	3.19375003	432.035879	419.120969	405.786549	432.035879	26.2493303	1.42009596	0	5.4	0	0	3
154	69	0	3.21462421	433.028015	420.25603	407.007294	433.028015	26.020721	1.42261583	0	5.4	0	0	3
155	70	0	3.23549839	434.022791	421.381676	408.073464	434.022791	25.9493272	1.42501681	0	5.4	0	0	3
156	70	0	3.25637258	435.203785	422.512106	409.278753	435.203785	25.9250323	1.42734055	0	5.5	0	0	3
157	71	0	3.27724676	436.219136	423.634622	410.460008	436.219136	25.7591272	1.4295491	0	5.5	0	0	3
158	71	0	3.29812094	437.29991	424.752951	411.592078	437.29991	25.7078322	1.43164613	0	5.5	0	0	3
159	72	0	3.31899513	438.345915	425.867695	412.76251	438.345915	25.5834051	1.43366885	0	5.6	0	0	3
160	73	0	3.33986931	439.323806	426.974415	413.93911	439.323806	25.3846966	1.43557107	0	5.6	0	0	3
161	73	0	3.36074349	440.280519	428.071974	415.146843	440.280519	25.1336758	1.43734814	0	5.7	0	0	3
162	74	0	3.38161767	441.309929	429.162103	416.321764	441.309929	24.9881642	1.43901817	0	5.7	0	0	3
163	74	0	3.40249186	442.294498	430.2443	417.44584	442.294498	24.8486583	1.44061129	0	5.7	0	0	3
164	74	0	3.42336604	443.331587	431.322873	418.670087	443.331587	24.6614994	1.44209449	0	5.8	0	0	3
165	75	0	3.44424022	444.342985	432.392577	419.879237	444.342985	24.4637482	1.44351997	0	5.9	0	0	3
166	75	0	3.46511441	445.303806	433.451934	420.977968	445.303806	24.3258379	1.44481748	0	5.9	0	0	3
167	76	0	3.48598859	446.334095	434.508439	422.249077	446.334095	24.0850181	1.44604575	0	6	0	0	3
168	76	0	3.50686277	447.289387	435.551785	423.353203	447.289387	23.9361836	1.44715681	0	6	0	0	3
169	77	0	3.52773696	448.318879	436.592022	424.468652	448.318879	23.8502265	1.44822226	0	6	0	0	3
170	77	0	3.54861114	449.291923	437.626325	425.486387	449.291923	23.8055355	1.44919268	0	6	0	0	3
171	78	0	3.56948532	450.318229	438.660985	426.62003	450.318229	23.698199	1.45008877	0	6.1	0	0	3
172	78	0	3.59035951	451.257015	439.687526	427.739341	451.257015	23.517674	1.45091362	0	6.1	0	0	3
173	79	0	3.61123369	452.290445	440.710489	428.823581	452.290445	23.4668638	1.45166994	0	6.1	0	0	3
174	79	0	3.63210787	453.208801	441.726539	429.830678	453.208801	23.3781234	1.45235701	0	6.2	0	0	3
175	80	0	3.65298206	454.240109	442.743599	430.954932	454.240109	23.2851774	1.45295944	0	6.2	0	0	3
176	80	0	3.67385624	455.13996	443.751308	432.035879	455.13996	23.1040808	1.45350501	0	6.2	0	0	3
177	81	0	3.69473042	456.19465	444.757924	433.028015	456.19465	23.1666351	1.45396035	0	6.2	0	0	3
178	81	0	3.71560461	457.165974	445.763672	434.022791	457.165974	23.1431827	1.45435112	0	6.2	0	0	3
179	81	0	3.73647879	458.155916	446.769219	435.203785	458.155916	22.9521308	1.45471846	0	6.3	0	0	3
180	82	0	3.75735297	459.108981	447.765269	436.219136	459.108981	22.8898459	1.45502292	0	6.3	0	0	3
181	82	0	3.77822716	460.073988	448.759221	437.29991	460.073988	22.7740783	1.45527402	0	6.3	0	0	3
182	83	0	3.79910134	460.989526	449.746288	438.345915	460.989526	22.6436105	1.4554729	0	6.4	0	0	3
183	83	0	3.81997552	462.006197	450.732134	439.323806	462.006197	22.6823904	1.45563466	0	6.4	0	0	3
184	84	0	3.8408497	462.910546	451.714914	440.280519	462.910546	22.6300271	1.45573399	0	6.4	0	0	3
185	84	0	3.86172389	463.827028	452.696019	441.309929	463.827028	22.5170991	1.45576809	0	6.4	0	0	3
186	85	0	3.88259807	464.693295	453.670326	442.294498	464.693295	22.3987967	1.45573459	0	6.4	0	0	3
187	85	0	3.90347225	465.618834	454.642173	443.331587	465.618834	22.2872477	1.45565873	0	6.5	0	0	3
188	86	0	3.92434644	466.545335	455.609413	444.342985	466.545335	22.2023501	1.45552015	0	6.5	0	0	3
189	86	0	3.94522062	467.473983	456.573204	445.303806	467.473983	22.1701764	1.45532385	0	6.5	0	0	3
190	87	0	3.9660948	468.36543	457.534105	446.334095	468.36543	22.0313353	1.45508653	0	6.6	0	0	3
191	87	0	3.98696899	469.273345	458.489907	447.289387	469.273345	21.9839586	1.45477633	0	6.6	0	0	3
192	88	0	4.00784317	470.11307	459.440894	448.318879	470.11307	21.7941909	1.45441536	0	6.6	0	0	3
