Iteration	CPUTime	PhysTime	Travels	Value	AvValue	MinValue	MaxValue	Delta	Criteria	PrevAvRefValue	Progress	CriteriaType	CriteriaVarType	CriteriaPercentage
1	3	0	0.0225356081	16.0277673	16.0277673	16.0277673	16.0277673	0	0	0	0	0	0	3
2	3	0	0.0450712162	39.3507439	27.6892556	16.0277673	39.3507439	11.6614883	0	0	0	0	0	3
3	4	0	0.0676068243	69.4052986	41.5946033	16.0277673	69.4052986	25.566836	0	0	0	0	0	3
4	4	0	0.0901424324	111.063182	58.9617479	16.0277673	111.063182	42.9339806	0	0	0	0	0	3
5	4	0	0.112678041	160.208766	79.2111516	16.0277673	160.208766	63.1833843	0	0	0	0	0	3
6	5	0	0.135213649	215.329973	101.897622	16.0277673	215.329973	85.8698545	0	0	0	0	0	3
7	6	0	0.157749257	268.586633	125.710338	16.0277673	268.586633	109.68257	0	0	0	0	0	3
8	6	0	0.180284865	330.641151	151.326689	16.0277673	330.641151	135.298922	0	0	0	0	0	3
9	7	0	0.202820473	399.152991	178.862945	16.0277673	399.152991	162.835178	0	0	0	0	0	3
10	8	0	0.225356081	456.932429	206.669893	16.0277673	456.932429	190.642126	0	0	0	0	0	3
11	8	0	0.247891689	604.84233	242.867388	16.0277673	604.84233	226.83962	0	0	0	0	0	3
12	9	0	0.270427297	626.235132	274.8147	16.0277673	626.235132	258.786932	0	0	0	0	0	3
13	11	0	0.292962905	633.704216	302.421586	16.0277673	633.704216	286.393818	0	0	0	0	0	3
14	11	0	0.315498513	629.544498	325.787508	16.0277673	633.704216	309.759741	0	0	0	0	0	3
15	12	0	0.338034122	631.265524	346.152709	16.0277673	633.704216	330.124942	0	0	0	0	0	3
16	12	0	0.36056973	629.282434	363.848317	16.0277673	633.704216	347.82055	0	0	0	0	0	3
17	13	0	0.383105338	628.190829	379.397876	16.0277673	633.704216	363.370109	0	0	0	0	0	3
18	13	0	0.405640946	627.235884	393.166655	16.0277673	633.704216	377.138887	0	0	0	0	0	3
19	15	0	0.428176554	628.446784	405.549819	16.0277673	633.704216	389.522052	0	0	0	0	0	3
20	15	0	0.450712162	626.259041	416.58528	16.0277673	633.704216	400.557513	0	0	0	0	0	3
21	16	0	0.47324777	623.677571	426.446818	16.0277673	633.704216	410.419051	0	0	0	0	0	3
22	17	0	0.495783378	623.033451	435.382574	16.0277673	633.704216	419.354807	0	0	0	0	0	3
23	17	0	0.518318986	620.357184	443.424948	16.0277673	633.704216	427.397181	0	0	0	0	0	3
24	18	0	0.540854594	617.051996	469.556437	39.3507439	633.704216	441.867181	0	0	0	0	0	3
25	19	0	0.563390203	619.94018	494.799456	69.4052986	633.704216	453.204852	0	0	0	0	0	3
26	19	0	0.585925811	619.018062	518.695663	111.063182	633.704216	459.733915	0	0	0	0	0	3
27	20	0	0.608461419	616.576671	540.67451	160.208766	633.704216	461.463358	0	0	0	0	0	3
28	20	0	0.630997027	617.085989	560.538737	215.329973	633.704216	418.374243	0	0	0	0	0	3
29	20	0	0.653532635	615.498823	577.937383	268.586633	633.704216	365.117584	0	0	0	0	0	3
30	21	0	0.676068243	613.745515	592.944291	330.641151	633.704216	303.063066	0	0	0	0	0	3
31	22	0	0.698603851	614.012036	605.264764	399.152991	633.704216	234.551225	0	0	0	0	0	3
32	22	0	0.721139459	612.896092	614.557942	456.932429	633.704216	176.771787	0	0	0	0	0	3
33	23	0	0.743675067	610.862842	621.250569	604.84233	633.704216	28.8618862	0	0	0	0	0	3
34	24	0	0.766210676	611.653379	621.546701	610.862842	633.704216	22.8413739	0	0	0	0	0	3
35	24	0	0.788746284	609.512877	620.819647	609.512877	633.704216	24.1913395	0	0	0	0	0	3
36	25	0	0.811281892	605.79084	619.606022	605.79084	631.265524	25.4746847	0	0	0	0	0	3
37	26	0	0.8338175	605.290415	618.551496	605.290415	631.265524	25.9751093	0	0	0	0	0	3
38	26	0	0.856353108	602.683296	617.308791	602.683296	629.282434	26.5991379	0	0	0	0	0	3
39	27	0	0.878888716	600.039909	616.037377	600.039909	628.446784	28.4068744	0	0	0	0	0	3
40	27	0	0.901424324	601.935879	614.895857	600.039909	628.446784	28.4068744	0	0	0	0	0	3
41	28	0	0.923959932	597.108006	613.585949	597.108006	628.446784	31.3387777	0	0	0	0	0	3
42	28	0	0.94649554	594.942709	612.129251	594.942709	626.259041	31.3163322	0	0	0	0	0	3
43	29	0	0.969031148	593.963368	610.725091	593.963368	623.677571	29.714203	0	0	0	0	0	3
44	30	0	0.991566757	591.681461	609.333956	591.681461	623.033451	31.3519894	0	0	0	0	0	3
45	30	0	1.01410236	586.966474	607.765826	586.966474	620.357184	33.3907104	16.9289675	0	50.6	0	0	3
46	30	0	1.03663797	588.938421	606.399793	586.966474	619.94018	32.9737061	16.9289675	0	51.3	0	0	3
47	31	0	1.05917358	585.297602	605.019167	585.297602	619.94018	34.6425778	16.9289675	0	48.8	0	0	3
48	31	0	1.08170919	582.016362	603.370306	582.016362	619.018062	37.0016999	16.9289675	0	45.7	0	0	3
49	32	0	1.1042448	583.384363	601.821014	582.016362	617.085989	35.0696267	16.9289675	0	48.2	0	0	3
50	32	0	1.12678041	580.435093	600.249641	580.435093	617.085989	36.6508954	16.9289675	0	46.1	0	0	3
51	32	0	1.14931601	576.636508	598.490968	576.636508	615.498823	38.8623147	16.9289675	0	43.5	0	0	3
52	33	0	1.17185162	578.39437	596.877731	576.636508	614.012036	28.6024108	16.9289675	0	59.1	0	0	3
53	33	0	1.19438723	574.830037	595.185754	574.830037	614.012036	26.3609475	16.9289675	0	64.2	0	0	3
54	34	0	1.21692284	572.280221	593.371327	572.280221	612.896092	28.1753743	16.9289675	0	60	0	0	3
55	34	0	1.23945845	572.977544	591.635738	572.280221	611.653379	29.9109633	16.9289675	0	56.5	0	0	3
56	35	0	1.26199405	570.919756	589.899082	570.919756	611.653379	31.6476193	16.9289675	0	53.4	0	0	3
57	35	0	1.28452966	566.898647	587.953224	566.898647	609.512877	32.8664226	16.9289675	0	51.5	0	0	3
58	35	0	1.30706527	568.420097	586.166582	566.898647	605.79084	33.4394401	16.9289675	0	50.6	0	0	3
59	36	0	1.32960088	565.103084	584.397549	565.103084	605.290415	34.1539477	16.9289675	0	49.5	0	0	3
60	36	0	1.35213649	562.782607	582.549383	562.782607	602.683296	34.7594076	16.9289675	0	48.7	0	0	3
61	37	0	1.37467209	563.220761	580.833621	562.782607	601.935879	35.2037559	16.9289675	0	48	0	0	3
62	37	0	1.3972077	561.305822	579.14953	561.305822	601.935879	35.7463271	16.9289675	0	47.3	0	0	3
63	37	0	1.41974331	558.561478	577.263687	558.561478	597.108006	36.3222629	16.9289675	0	46.6	0	0	3
64	38	0	1.44227892	558.948216	575.604565	558.561478	594.942709	36.3812313	16.9289675	0	46.5	0	0	3
65	38	0	1.46481453	556.46772	573.93174	556.46772	593.963368	36.7933511	16.9289675	0	46	0	0	3
66	39	0	1.48735013	553.761597	572.183837	553.761597	591.681461	37.150119	16.9289675	0	45.5	0	0	3
67	39	0	1.50988574	554.424285	570.563959	553.761597	588.938421	35.1768239	16.9289675	0	48.1	0	0	3
68	39	0	1.53242135	552.363366	569.059476	552.363366	588.938421	36.5750556	16.9289675	0	46.2	0	0	3
69	40	0	1.55495696	549.28356	567.335352	549.28356	585.297602	36.0140415	16.9289675	0	47	0	0	3
70	40	0	1.57749257	548.077787	565.717099	548.077787	583.384363	35.3065764	16.9289675	0	47.9	0	0	3
71	41	0	1.60002818	547.976126	564.237089	547.976126	583.384363	35.4082366	16.9289675	0	47.8	0	0	3
72	41	0	1.62256378	545.503842	562.59011	545.503842	580.435093	34.931251	16.9289675	0	48.4	0	0	3
73	41	0	1.64509939	545.938953	561.090278	545.503842	578.39437	32.8905279	16.9289675	0	51.4	0	0	3
74	42	0	1.667635	544.094032	559.675387	544.094032	578.39437	34.3003385	16.9289675	0	49.3	0	0	3
75	42	0	1.69017061	541.07016	558.052596	541.07016	574.830037	33.7598772	16.9289675	0	50.1	0	0	3
76	43	0	1.71270622	542.221663	556.63484	541.07016	572.977544	31.9073844	16.9289675	0	53	0	0	3
77	43	0	1.73524182	539.895542	555.226811	539.895542	572.977544	33.0820021	16.9289675	0	51.1	0	0	3
78	43	0	1.75777743	537.089739	553.666471	537.089739	570.919756	33.8300167	16.9289675	0	50	0	0	3
79	44	0	1.78031304	537.889975	552.230394	537.089739	568.420097	31.3303586	16.9289675	0	54	0	0	3
80	44	0	1.80284865	535.463327	550.863641	535.463327	568.420097	32.9567709	16.9289675	0	51.3	0	0	3
81	45	0	1.82538426	531.638576	549.264444	531.638576	565.103084	33.4645078	16.9289675	0	50.5	0	0	3
82	45	0	1.84791986	532.904654	547.864513	531.638576	563.220761	31.582185	16.9289675	0	53.6	0	0	3
83	45	0	1.87045547	530.94529	546.480281	530.94529	563.220761	32.2754705	16.9289675	0	52.4	0	0	3
84	46	0	1.89299108	527.538339	544.928872	527.538339	561.305822	33.7674827	16.9289675	0	50.1	0	0	3
85	46	0	1.91552669	529.293966	543.537052	527.538339	558.948216	31.4098769	16.9289675	0	53.8	0	0	3
86	47	0	1.9380623	526.349199	542.136518	526.349199	558.948216	32.5990169	16.9289675	0	51.9	0	0	3
87	47	0	1.9605979	524.866026	540.654684	524.866026	556.46772	31.6016943	16.9289675	0	53.5	0	0	3
88	48	0	1.98313351	524.697319	539.273362	524.697319	554.424285	29.7269662	16.9289675	0	56.9	0	0	3
89	48	0	2.00566912	523.221102	537.945514	523.221102	554.424285	31.2031824	16.9289675	0	54.2	0	0	3
90	49	0	2.02820473	519.469594	536.425745	519.469594	552.363366	32.6337313	16.9289675	0	51.8	0	0	3
91	49	0	2.05074034	522.062035	535.108296	519.469594	549.28356	29.8139666	16.9289675	0	56.7	0	0	3
92	49	0	2.07327595	519.481182	533.81254	519.469594	548.077787	28.6081929	16.9289675	0	59.1	0	0	3
93	50	0	2.09581155	517.250243	532.472212	517.250243	547.976126	30.7258838	16.9289675	0	55	0	0	3
94	50	0	2.11834716	517.284263	531.137783	517.250243	545.938953	28.6887107	16.9289675	0	59	0	0	3
95	51	0	2.14088277	515.483452	529.832549	515.483452	545.938953	30.455501	16.9289675	0	55.5	0	0	3
96	51	0	2.16341838	512.972905	528.399243	512.972905	544.094032	31.1211264	16.9289675	0	54.3	0	0	3
97	52	0	2.18595399	513.896514	527.086307	512.972905	542.221663	29.2487574	16.9289675	0	57.8	0	0	3
98	52	0	2.20848959	511.216189	525.788308	511.216189	542.221663	30.8465318	16.9289675	0	54.8	0	0	3
99	52	0	2.2310252	509.231591	524.353957	509.231591	539.895542	30.6639514	16.9289675	0	55.2	0	0	3
100	53	0	2.25356081	507.848253	522.960597	507.848253	537.889975	30.0417222	16.9289675	0	56.3	0	0	3
101	53	0	2.27609642	507.764683	521.685595	507.764683	537.889975	30.1252918	16.9289675	0	56.1	0	0	3
102	54	0	2.29863203	504.005084	520.212339	504.005084	535.463327	30.6513023	16.9289675	0	55.2	0	0	3
103	54	0	2.32116763	504.506691	518.866398	504.005084	532.904654	28.8995702	16.9289675	0	58.5	0	0	3
104	55	0	2.34370324	503.357967	517.636806	503.357967	532.904654	29.5466873	16.9289675	0	57.2	0	0	3
105	55	0	2.36623885	501.619671	516.27659	501.619671	530.94529	29.3256191	16.9289675	0	57.7	0	0	3
106	56	0	2.38877446	500.838407	514.967595	500.838407	529.293966	28.4555587	16.9289675	0	59.4	0	0	3
107	56	0	2.41131007	500.040238	513.772025	500.040238	529.293966	29.253728	16.9289675	0	57.8	0	0	3
108	56	0	2.43384568	496.491109	512.345814	496.491109	526.349199	29.7907043	16.9289675	0	56.8	0	0	3
109	57	0	2.45638128	497.152351	511.076386	496.491109	524.866026	28.3749166	16.9289675	0	59.6	0	0	3
110	57	0	2.47891689	494.781648	509.768369	494.781648	524.697319	29.5049927	16.9289675	0	57.3	0	0	3
111	58	0	2.5014525	494.217888	508.443177	494.217888	523.221102	29.0032139	16.9289675	0	58.3	0	0	3
112	58	0	2.52398811	493.343941	507.144169	493.343941	522.062035	28.7180939	16.9289675	0	58.9	0	0	3
113	58	0	2.54652372	492.275726	505.961827	492.275726	522.062035	29.1464685	16.9289675	0	58	0	0	3
114	59	0	2.56905932	488.862412	504.518366	488.862412	519.481182	29.2941748	16.9289675	0	57.7	0	0	3
115	59	0	2.59159493	489.652338	503.221459	488.862412	517.284263	28.4218505	16.9289675	0	59.5	0	0	3
116	60	0	2.61413054	486.961869	501.904573	486.961869	517.284263	29.23321	16.9289675	0	57.9	0	0	3
117	60	0	2.63666615	485.851496	500.537931	485.851496	515.483452	29.2946177	16.9289675	0	57.7	0	0	3
118	60	0	2.65920176	485.808932	499.247735	485.808932	513.896514	28.0875826	16.9289675	0	60.2	0	0	3
119	61	0	2.68173736	484.272383	497.999886	484.272383	513.896514	29.086421	16.9289675	0	58.2	0	0	3
120	61	0	2.70427297	481.578475	496.594754	481.578475	511.216189	29.1935545	16.9289675	0	57.9	0	0	3
121	62	0	2.72680858	483.106241	495.372582	481.578475	509.231591	27.6531163	16.9289675	0	61.2	0	0	3
122	62	0	2.74934419	480.92674	494.141937	480.92674	507.848253	26.9215133	16.9289675	0	62.8	0	0	3
123	63	0	2.7718798	479.256503	492.898817	479.256503	507.764683	28.5081808	16.9289675	0	59.3	0	0	3
124	63	0	2.7944154	479.470599	491.668639	479.256503	504.506691	25.2501884	16.9289675	0	67	0	0	3
125	63	0	2.81695101	477.891485	490.533266	477.891485	504.506691	26.6152063	16.9289675	0	63.6	0	0	3
126	64	0	2.83948662	475.269065	489.262064	475.269065	503.357967	28.0889018	16.9289675	0	60.2	0	0	3
127	64	0	2.86202223	476.256659	488.083747	475.269065	501.619671	26.3506062	16.9289675	0	64.2	0	0	3
128	65	0	2.88455784	473.888447	486.878041	473.888447	500.838407	26.94996	16.9289675	0	62.8	0	0	3
129	65	0	2.90709345	471.799249	485.615469	471.799249	500.040238	28.1565557	16.9289675	0	60.1	0	0	3
130	66	0	2.92962905	472.33206	484.410766	471.799249	497.152351	25.353102	16.9289675	0	66.7	0	0	3
131	66	0	2.95216466	470.31617	483.272725	470.31617	497.152351	26.8361811	16.9289675	0	63	0	0	3
132	66	0	2.97470027	468.039876	482.006965	468.039876	494.781648	26.7417718	16.9289675	0	63.3	0	0	3
133	67	0	2.99723588	468.697956	480.872892	468.039876	494.217888	26.1780128	16.9289675	0	64.6	0	0	3
134	67	0	3.01977149	466.626133	479.67325	466.626133	493.343941	26.7178078	16.9289675	0	63.3	0	0	3
135	68	0	3.04230709	464.405011	478.415036	464.405011	492.275726	27.5467916	16.9289675	0	61.4	0	0	3
136	68	0	3.0648427	464.849443	477.222589	464.405011	489.652338	25.2473266	16.9289675	0	67	0	0	3
137	68	0	3.08737831	462.953306	476.096106	462.953306	489.652338	26.6990322	16.9289675	0	63.4	0	0	3
138	69	0	3.10991392	460.474643	474.82751	460.474643	486.961869	26.487226	16.9289675	0	63.9	0	0	3
139	69	0	3.13244953	461.288074	473.711258	460.474643	485.851496	25.3768528	16.9289675	0	66.7	0	0	3
140	70	0	3.15498513	459.348655	472.558961	459.348655	485.808932	26.4602764	16.9289675	0	63.9	0	0	3
141	70	0	3.17752074	455.852275	471.256498	455.852275	484.272383	26.7433884	16.9289675	0	63.3	0	0	3
142	71	0	3.20005635	456.32932	470.041582	455.852275	483.106241	26.553172	16.9289675	0	63.7	0	0	3
143	71	0	3.22259196	455.965563	468.927977	455.852275	483.106241	26.4446053	16.9289675	0	64	0	0	3
144	71	0	3.24512757	452.203561	467.584382	452.203561	480.92674	26.5575544	16.9289675	0	63.7	0	0	3
145	72	0	3.26766317	454.580738	466.438904	452.203561	479.470599	26.4599131	16.9289675	0	63.9	0	0	3
146	72	0	3.29019878	451.745192	465.24276	451.745192	479.470599	26.4258795	16.9289675	0	64	0	0	3
147	73	0	3.31273439	449.713933	463.948992	449.713933	477.891485	26.5842737	16.9289675	0	63.6	0	0	3
148	73	0	3.33527	449.437156	462.711847	449.437156	476.256659	26.5502173	16.9289675	0	63.7	0	0	3
149	73	0	3.35780561	448.495034	461.547759	448.495034	476.256659	26.5359879	16.9289675	0	63.7	0	0	3
150	74	0	3.38034122	445.1398	460.194852	445.1398	473.888447	26.6831894	16.9289675	0	63.4	0	0	3
151	74	0	3.40287682	447.444974	459.045136	445.1398	472.33206	26.5703335	16.9289675	0	63.7	0	0	3
152	75	0	3.42541243	443.707352	457.823749	443.707352	472.33206	26.587017	16.9289675	0	63.6	0	0	3
153	75	0	3.44794804	441.210022	456.470617	441.210022	470.31617	26.8021082	16.9289675	0	63.1	0	0	3
154	76	0	3.47048365	442.32352	455.253545	441.210022	468.697956	26.7534201	16.9289675	0	63.2	0	0	3
155	76	0	3.49301926	441.423798	454.096324	441.210022	468.697956	26.7765674	16.9289675	0	63.2	0	0	3
156	77	0	3.51555486	438.584234	452.787032	438.584234	466.626133	26.8862181	16.9289675	0	62.9	0	0	3
157	77	0	3.53809047	440.49443	451.650871	438.584234	464.849443	26.2652086	16.9289675	0	64.4	0	0	3
158	78	0	3.56062608	437.27033	450.471102	437.27033	464.849443	26.7514864	16.9289675	0	63.2	0	0	3
159	78	0	3.58316169	435.997089	449.216652	435.997089	462.953306	26.8794536	16.9289675	0	62.9	0	0	3
160	78	0	3.6056973	436.132985	448.050551	435.997089	461.288074	25.2909844	16.9289675	0	66.9	0	0	3
161	79	0	3.6282329	433.790793	446.890384	433.790793	461.288074	26.8208745	16.9289675	0	63.1	0	0	3
162	79	0	3.65076851	432.465136	445.637213	432.465136	459.348655	26.8835197	16.9289675	0	62.9	0	0	3
163	80	0	3.67330412	433.237445	444.501943	432.465136	456.32932	23.8641843	16.9289675	0	70.9	0	0	3
164	80	0	3.69583973	431.540943	443.444928	431.540943	456.32932	24.7883768	16.9289675	0	68.2	0	0	3
165	81	0	3.71837534	429.79109	442.291092	429.79109	455.965563	26.1744726	16.9289675	0	64.6	0	0	3
166	81	0	3.74091095	429.598235	441.144687	429.598235	454.580738	24.9825034	16.9289675	0	67.7	0	0	3
167	81	0	3.76344655	427.943009	440.08988	427.943009	454.580738	26.3490239	16.9289675	0	64.2	0	0	3
168	82	0	3.78598216	425.960657	438.845529	425.960657	451.745192	25.7845347	16.9289675	0	65.6	0	0	3
169	82	0	3.80851777	426.881196	437.764485	425.960657	449.713933	23.7532759	16.9289675	0	71.2	0	0	3
170	83	0	3.83105338	425.732012	436.721793	425.732012	449.437156	23.7051434	16.9289675	0	71.4	0	0	3
171	83	0	3.85358899	420.594782	435.467777	420.594782	448.495034	26.0799819	16.9289675	0	64.9	0	0	3
172	83	0	3.87612459	422.654856	434.344291	420.594782	447.444974	25.850561	16.9289675	0	65.4	0	0	3
173	84	0	3.8986602	421.31004	433.308214	420.594782	447.444974	25.7369213	16.9289675	0	65.7	0	0	3
174	84	0	3.92119581	418.280464	432.040192	418.280464	443.707352	25.4268877	16.9289675	0	66.5	0	0	3
175	85	0	3.94373142	420.133565	431.015245	418.280464	442.32352	24.0430561	16.9289675	0	70.4	0	0	3
176	85	0	3.96626703	417.898787	430.001713	417.898787	442.32352	24.4247333	16.9289675	0	69.3	0	0	3
177	85	0	3.98880263	416.33233	428.871661	416.33233	441.423798	25.0914679	16.9289675	0	67.4	0	0	3
178	86	0	4.01133824	416.47475	427.78692	416.33233	440.49443	24.1620995	16.9289675	0	70	0	0	3
