Iteration	CPUTime	PhysTime	Travels	Value	AvValue	MinValue	MaxValue	Delta	Criteria	PrevAvRefValue	Progress	CriteriaType	CriteriaVarType	CriteriaPercentage
1	2	0	0.0208741832	-64455.5684	-64455.5684	-64455.5684	-64455.5684	0	0	0	0	0	0	3
2	3	0	0.0417483664	-183808.636	-124132.102	-183808.636	-64455.5684	59676.5338	0	0	0	0	0	3
3	3	0	0.0626225495	-257265.395	-168509.866	-257265.395	-64455.5684	104054.298	0	0	0	0	0	3
4	3	0	0.0834967327	-322739.916	-207067.379	-322739.916	-64455.5684	142611.81	0	0	0	0	0	3
5	4	0	0.104370916	-381017.797	-241857.462	-381017.797	-64455.5684	177401.894	0	0	0	0	0	3
6	4	0	0.125245099	-455770.254	-277509.594	-455770.254	-64455.5684	213054.026	0	0	0	0	0	3
7	5	0	0.146119282	-519557.787	-312087.908	-519557.787	-64455.5684	247632.339	0	0	0	0	0	3
8	5	0	0.166993465	-569835.74	-344306.387	-569835.74	-64455.5684	279850.818	0	0	0	0	0	3
9	6	0	0.187867649	-607485.956	-373548.561	-607485.956	-64455.5684	309092.993	0	0	0	0	0	3
10	6	0	0.208741832	-634036.992	-399597.404	-634036.992	-64455.5684	335141.836	0	0	0	0	0	3
11	6	0	0.229616015	-631110.807	-420644.077	-634036.992	-64455.5684	356188.509	0	0	0	0	0	3
12	7	0	0.250490198	-646516.06	-439466.742	-646516.06	-64455.5684	375011.174	0	0	0	0	0	3
13	7	0	0.271364381	-658558.661	-456319.967	-658558.661	-64455.5684	391864.398	0	0	0	0	0	3
14	8	0	0.292238564	-665572.597	-471266.583	-665572.597	-64455.5684	406811.015	0	0	0	0	0	3
15	8	0	0.313112748	-667725.14	-484363.82	-667725.14	-64455.5684	419908.252	0	0	0	0	0	3
16	8	0	0.333986931	-664862.309	-495644.976	-667725.14	-64455.5684	431189.408	0	0	0	0	0	3
17	9	0	0.354861114	-657021.739	-505137.727	-667725.14	-64455.5684	440682.158	0	0	0	0	0	3
18	9	0	0.375735297	-646884.398	-513012.542	-667725.14	-64455.5684	448556.973	0	0	0	0	0	3
19	10	0	0.39660948	-639361.916	-519662.509	-667725.14	-64455.5684	455206.94	0	0	0	0	0	3
20	10	0	0.417483664	-622677.369	-524813.252	-667725.14	-64455.5684	460357.683	0	0	0	0	0	3
21	11	0	0.438357847	-766183.315	-536307.064	-766183.315	-64455.5684	471851.496	0	0	0	0	0	3
22	11	0	0.45923203	-585205.979	-538529.742	-766183.315	-64455.5684	474074.174	0	0	0	0	0	3
23	12	0	0.480106213	-941479.271	-556049.287	-941479.271	-64455.5684	491593.719	0	0	0	0	0	3
24	12	0	0.500980396	-551642.295	-555865.662	-941479.271	-64455.5684	491593.719	0	0	0	0	0	3
25	12	0	0.521854579	-1112904.96	-599551.054	-1112904.96	-183808.636	475418.952	0	0	0	0	0	3
26	13	0	0.542728763	-586808.25	-616342.704	-1112904.96	-257265.395	447832.838	0	0	0	0	0	3
27	13	0	0.563602946	-1328856.81	-660992.347	-1328856.81	-322739.916	453924.968	0	0	0	0	0	3
28	14	0	0.584477129	-652099.927	-674715.68	-1328856.81	-381017.797	432858.218	0	0	0	0	0	3
29	14	0	0.605351312	-1543694.77	-723160.554	-1543694.77	-455770.254	445650.96	0	0	0	0	0	3
30	15	0	0.626225495	-746789.205	-735286.344	-1543694.77	-519557.787	423198.436	0	0	0	0	0	3
31	15	0	0.647099679	-1780486.04	-787825.021	-1780486.04	-551642.295	443518.634	0	0	0	0	0	3
32	15	0	0.667973862	-981625.868	-804982.943	-1780486.04	-551642.295	431434.382	0	0	0	0	0	3
33	16	0	0.688848045	-2050842.93	-865122.817	-2050842.93	-551642.295	465525.413	0	0	0	0	0	3
34	16	0	0.709722228	-1089022.1	-884080.53	-2050842.93	-551642.295	463436.453	0	0	0	0	0	3
35	17	0	0.730596411	-2307417	-953926.621	-2307417	-551642.295	514459.879	0	0	0	0	0	3
36	17	0	0.751470594	-985074.126	-968033.207	-2307417	-551642.295	511713.24	0	0	0	0	0	3
37	18	0	0.772344778	-2575289.84	-1047897.01	-2575289.84	-551642.295	576630.423	0	0	0	0	0	3
38	18	0	0.793218961	-1115147.82	-1066629.31	-2575289.84	-551642.295	582265.487	0	0	0	0	0	3
39	18	0	0.814093144	-2856584.43	-1157831.78	-2856584.43	-551642.295	662186.802	0	0	0	0	0	3
40	19	0	0.834967327	-1272405.98	-1183146.1	-2856584.43	-551642.295	678008.37	0	0	0	0	0	3
41	19	0	0.85584151	-3112933.52	-1285475.75	-3112933.52	-551642.295	772463.213	0	0	0	0	0	3
42	20	0	0.876715693	-1421363.76	-1317745.73	-3112933.52	-551642.295	798083.219	0	0	0	0	0	3
43	20	0	0.897589877	-3366682.08	-1431384.07	-3366682.08	-551642.295	906570.816	0	0	0	0	0	3
44	20	0	0.91846406	-1721518.29	-1477169.11	-3366682.08	-551642.295	940862.042	0	0	0	0	0	3
45	21	0	0.939338243	-3572710.98	-1594107.76	-3572710.98	-551642.295	1055578.02	0	0	0	0	0	3
46	21	0	0.960212426	-2085730.59	-1656629.62	-3572710.98	-551642.295	1100763.96	0	0	0	0	0	3
47	22	0	0.981086609	-3742156.9	-1773324.52	-3742156.9	-551642.295	1217458.86	0	0	0	0	0	3
48	22	0	1.00196079	-1494080.07	-1812592.76	-3742156.9	-586808.25	1213041.71	104546.745	0	8.6	0	0	3
49	23	0	1.02283498	-3894477.68	-1928491.62	-3894477.68	-586808.25	1312148.92	109116.368	0	8.3	0	0	3
50	23	0	1.04370916	-1663632.84	-1973359.31	-3894477.68	-652099.927	1312366.97	109116.368	0	8.3	0	0	3
51	23	0	1.06458334	-4034566.39	-2086097.21	-4034566.39	-652099.927	1411381.53	109862.51	0	7.7	0	0	3
52	24	0	1.08545753	-2023240.19	-2143228.06	-4034566.39	-746789.205	1420067.5	109798.497	0	7.7	0	0	3
53	24	0	1.10633171	-4184419.12	-2253258.24	-4184419.12	-746789.205	1517971.9	110210.691	0	7.2	0	0	3
54	25	0	1.12720589	-1911590.95	-2301791.65	-4184419.12	-981625.868	1513966.62	110166.549	0	7.2	0	0	3
55	25	0	1.14808007	-4254167.22	-2404861.69	-4254167.22	-981625.868	1599878.75	110296.435	0	6.8	0	0	3
56	26	0	1.16895426	-3651799.71	-2516118.94	-4254167.22	-985074.126	1650996.12	110393.849	0	6.6	0	0	3
57	26	0	1.18982844	-2643619.92	-2540817.98	-4254167.22	-985074.126	1656737.45	110469.615	0	6.6	0	0	3
58	27	0	1.21070262	-3815565.5	-2654423.95	-4254167.22	-985074.126	1700497.33	110530.229	0	6.4	0	0	3
59	27	0	1.23157681	-2371472.53	-2657092.93	-4254167.22	-985074.126	1689059.73	110579.821	0	6.5	0	0	3
60	27	0	1.25245099	-4022239.8	-2783641.5	-4254167.22	-1115147.82	1735744.5	110621.148	0	6.3	0	0	3
61	28	0	1.27332517	-2078454.68	-2762940.04	-4254167.22	-1115147.82	1717012.2	110656.118	0	6.4	0	0	3
62	28	0	1.29419936	-3992357.57	-2882823.78	-4254167.22	-1272405.98	1724992	110686.091	0	6.4	0	0	3
63	29	0	1.31507354	-2340619.27	-2861325.23	-4254167.22	-1272405.98	1699677.68	110712.068	0	6.5	0	0	3
64	29	0	1.33594772	-4222274.78	-2984236.43	-4254167.22	-1421363.76	1698760.68	110734.798	0	6.5	0	0	3
65	30	0	1.35682191	-1828591.49	-2930722.18	-4254167.22	-1421363.76	1666490.7	110754.854	0	6.6	0	0	3
66	30	0	1.37769609	-4164237.61	-3045008.59	-4254167.22	-1494080.07	1613624.52	110772.681	0	6.8	0	0	3
67	31	0	1.39857027	-2082687.15	-2991508.8	-4254167.22	-1494080.07	1567839.48	110788.632	0	7	0	0	3
68	31	0	1.41944446	-4199341.85	-3094751.45	-4254167.22	-1494080.07	1500643.69	110802.988	0	7.3	0	0	3
69	31	0	1.44031864	-2247795.29	-3039546.63	-4254167.22	-1494080.07	1438121.83	110815.977	0	7.7	0	0	3
70	32	0	1.46119282	-4186723.85	-3127088.01	-4254167.22	-1494080.07	1353763.5	110827.784	0	8.1	0	0	3
71	32	0	1.48206701	-2501943.58	-3075412.46	-4254167.22	-1494080.07	1314495.25	110838.565	0	8.4	0	0	3
72	33	0	1.50294119	-4208680.97	-3188520.83	-4254167.22	-1663632.84	1260029.21	110804.491	0	8.7	0	0	3
73	33	0	1.52381537	-2271463.88	-3120895.26	-4254167.22	-1663632.84	1215161.52	110773.142	0	9.1	0	0	3
74	34	0	1.54468956	-4170537.38	-3225349.61	-4254167.22	-1828591.49	1139252.4	110668.868	0	9.7	0	0	3
75	34	0	1.56556374	-2277033.91	-3152119.09	-4254167.22	-1828591.49	1082121.55	110572.318	0	10.2	0	0	3
76	35	0	1.58643792	-4231545.94	-3244131.83	-4254167.22	-1828591.49	990873.591	110381.211	0	11.1	0	0	3
77	35	0	1.6073121	-2312596.37	-3166139.22	-4254167.22	-1828591.49	942340.185	110203.285	0	11.6	0	0	3
78	35	0	1.62818629	-4224381.44	-3262505.49	-4254167.22	-1828591.49	857643.792	109802.383	0	12.8	0	0	3
79	36	0	1.64906047	-2276505.78	-3180102.93	-4231545.94	-1828591.49	746386.549	109427.347	0	14.6	0	0	3
80	36	0	1.66993465	-4240950.56	-3204650.88	-4240950.56	-1828591.49	721687.507	109072.517	0	15.1	0	0	3
81	37	0	1.69080884	-2333101.15	-3191712.6	-4240950.56	-1828591.49	608081.532	108739.192	0	17.8	0	0	3
82	37	0	1.71168302	-4289434.73	-3211457.15	-4289434.73	-1828591.49	605412.552	108456.593	0	17.9	0	0	3
83	38	0	1.7325572	-2796459.38	-3229164.93	-4289434.73	-1828591.49	499565.447	108190.142	0	21.6	0	0	3
84	38	0	1.75343139	-4336111.36	-3242242.91	-4336111.36	-1828591.49	499565.447	107868.996	0	21.5	0	0	3
85	39	0	1.77430557	-2308881.46	-3251844.03	-4336111.36	-1828591.49	401180.256	107565.21	0	26.8	0	0	3
86	39	0	1.79517975	-4308717.08	-3265025.68	-4336111.36	-1828591.49	403700.447	107153.262	0	26.5	0	0	3
87	39	0	1.81605394	-2335472.8	-3264811.24	-4336111.36	-1828591.49	334303.498	106762.438	0	31.9	0	0	3
88	40	0	1.83692812	-4349019.13	-3270092.26	-4349019.13	-1828591.49	339370.076	106289.119	0	31.3	0	0	3
89	40	0	1.8578023	-2552131.49	-3300239.76	-4349019.13	-2082687.15	308730.954	105838.888	0	34.2	0	0	3
90	41	0	1.87867649	-4393912.43	-3309809.54	-4393912.43	-2082687.15	318300.739	105390.224	0	33.1	0	0	3
91	41	0	1.89955067	-2413806.76	-3323606.19	-4393912.43	-2247795.29	284059.561	104962.427	0	36.9	0	0	3
92	42	0	1.92042485	-4376515.95	-3330988.44	-4393912.43	-2247795.29	291441.815	104554.076	0	35.8	0	0	3
93	42	0	1.94129904	-2833656.36	-3355399.32	-4393912.43	-2271463.88	279986.862	104546.745	0	37.3	0	0	3
94	42	0	1.96217322	-4417394.41	-3365010.6	-4417394.41	-2271463.88	289598.135	104546.745	0	36.1	0	0	3
95	43	0	1.9830474	-2351480.62	-3358741.3	-4417394.41	-2271463.88	244115.339	104546.745	0	42.8	0	0	3
96	43	0	2.00392159	-4347566.76	-3364528.21	-4417394.41	-2271463.88	244115.339	104546.745	0	42.8	0	0	3
97	44	0	2.02479577	-2341787.76	-3367458.37	-4417394.41	-2276505.78	215339.283	104546.745	0	48.5	0	0	3
98	44	0	2.04566995	-4380725.22	-3376216.2	-4417394.41	-2276505.78	224097.11	104546.745	0	46.6	0	0	3
99	45	0	2.06654413	-2353272.21	-3379392.8	-4417394.41	-2276505.78	213253.581	104546.745	0	49	0	0	3
100	45	0	2.08741832	-4393763.13	-3386151.85	-4417394.41	-2276505.78	220012.631	104546.745	0	47.5	0	0	3
101	46	0	2.1082925	-2566962.24	-3396750.42	-4417394.41	-2276505.78	216647.498	104546.745	0	48.2	0	0	3
102	46	0	2.12916668	-4403215.41	-3404201.84	-4417394.41	-2276505.78	224098.913	104546.745	0	46.6	0	0	3
103	47	0	2.15004087	-2337337.81	-3406736.51	-4417394.41	-2308881.46	215023.912	104546.745	0	48.6	0	0	3
104	47	0	2.17091505	-4374808.61	-3412313.93	-4417394.41	-2308881.46	220601.33	104546.745	0	47.3	0	0	3
105	47	0	2.19178923	-2330744.94	-3412215.75	-4417394.41	-2308881.46	200856.779	104546.745	0	52	0	0	3
106	48	0	2.21266342	-4355251.94	-3414958.13	-4417394.41	-2308881.46	185793.202	104546.745	0	56.2	0	0	3
107	48	0	2.2335376	-2343593.73	-3396088.73	-4417394.41	-2308881.46	172715.22	104546.745	0	60.5	0	0	3
108	49	0	2.25441178	-4363021.52	-3397209.99	-4417394.41	-2308881.46	163114.104	104546.745	0	64	0	0	3
109	49	0	2.27528597	-2334829.28	-3398291.15	-4417394.41	-2330744.94	150146.894	104546.745	0	69.6	0	0	3
110	50	0	2.29616015	-4338037.15	-3399512.82	-4417394.41	-2330744.94	150146.894	104546.745	0	69.6	0	0	3
111	50	0	2.31703433	-2527663.41	-3407520.76	-4417394.41	-2330744.94	144865.88	104546.745	0	72.1	0	0	3
112	51	0	2.33790852	-4391326.45	-3409283.57	-4417394.41	-2330744.94	114718.38	104546.745	0	91.1	0	0	3
113	51	0	2.3587827	-2615076.27	-3411906.26	-4417394.41	-2330744.94	105148.595	104546.745	0	99.4	0	0	3
114	52	0	2.37965688	-4407352.85	-3412466.28	-4417394.41	-2330744.94	91351.9451	104546.745	0	100	0	0	3
115	52	0	2.40053107	-2468518.3	-3414745.93	-4417394.41	-2330744.94	83969.6912	104546.745	0	100	0	0	3
116	52	0	2.42140525	-4414581.8	-3416332.01	-4417394.41	-2330744.94	60932.6847	104546.745	0	100	0	0	3
117	53	0	2.44227943	-2365966.74	-3396844.94	-4417394.41	-2330744.94	57590.7015	104546.745	0	100	0	0	3
118	53	0	2.46315361	-4409674.04	-3396523.26	-4414581.8	-2330744.94	57590.7015	104546.745	0	100	0	0	3
119	54	0	2.4840278	-2783187.86	-3414511.06	-4414581.8	-2330744.94	51803.7938	104546.745	0	100	0	0	3
120	54	0	2.50490198	-4439324.56	-3418334.3	-4439324.56	-2330744.94	50875.9259	104546.745	0	100	0	0	3
121	55	0	2.52577616	-2317547.2	-3417324.28	-4439324.56	-2317547.2	42118.0989	104546.745	0	100	0	0	3
122	55	0	2.54665035	-4402985.21	-3418251.78	-4439324.56	-2317547.2	38941.5029	104546.745	0	100	0	0	3
123	56	0	2.56752453	-2336816.71	-3417566.13	-4439324.56	-2317547.2	32182.4532	104546.745	0	100	0	0	3
124	56	0	2.58839871	-4390105.14	-3417413.71	-4439324.56	-2317547.2	22245.5677	104546.745	0	100	0	0	3
125	56	0	2.6092729	-2337848.25	-3407867.3	-4439324.56	-2317547.2	22245.5677	104546.745	0	100	0	0	3
126	57	0	2.63014708	-4393051.84	-3407443.82	-4439324.56	-2317547.2	22245.5677	104546.745	0	100	0	0	3
127	57	0	2.65102126	-2758432.75	-3424989.44	-4439324.56	-2317547.2	28900.7065	104546.745	0	100	0	0	3
128	58	0	2.67189545	-4405136.93	-3426253.12	-4439324.56	-2317547.2	30164.3867	104546.745	0	100	0	0	3
129	58	0	2.69276963	-2528179.93	-3434479.58	-4439324.56	-2317547.2	38390.8446	104546.745	0	100	0	0	3
130	59	0	2.71364381	-4388406.7	-3435861.03	-4439324.56	-2317547.2	39772.2932	104546.745	0	100	0	0	3
131	59	0	2.734518	-3086041.1	-3466796.33	-4439324.56	-2317547.2	70273.0762	104546.745	0	100	0	0	3
132	60	0	2.75539218	-4433838.4	-3469747.04	-4439324.56	-2317547.2	73223.7798	104546.745	0	100	0	0	3
133	60	0	2.77626636	-2303547.45	-3468443.63	-4439324.56	-2303547.45	73223.7798	104546.745	0	100	0	0	3
134	60	0	2.79714055	-4350176.2	-3468949.42	-4439324.56	-2303547.45	73223.7798	104546.745	0	100	0	0	3
135	61	0	2.81801473	-2309256.88	-3459849.15	-4439324.56	-2303547.45	73223.7798	104546.745	0	100	0	0	3
136	61	0	2.83888891	-4349092.22	-3458089.39	-4439324.56	-2303547.45	73223.7798	104546.745	0	100	0	0	3
137	62	0	2.8597631	-2528113.77	-3454465.95	-4439324.56	-2303547.45	73223.7798	104546.745	0	100	0	0	3
138	62	0	2.88063728	-4338326.61	-3451589.86	-4439324.56	-2303547.45	73223.7798	104546.745	0	100	0	0	3
139	63	0	2.90151146	-2273069.76	-3443446.17	-4439324.56	-2273069.76	73223.7798	104546.745	0	100	0	0	3
140	63	0	2.92238564	-4312431.78	-3439189.92	-4439324.56	-2273069.76	73223.7798	104546.745	0	100	0	0	3
141	63	0	2.94325983	-2533046.07	-3446151.56	-4439324.56	-2273069.76	73223.7798	104546.745	0	100	0	0	3
142	64	0	2.96413401	-4303760.73	-3441738.5	-4439324.56	-2273069.76	62303.2199	104546.745	0	100	0	0	3
143	64	0	2.98500819	-2254264.16	-3419700.01	-4439324.56	-2254264.16	62303.2199	104546.745	0	100	0	0	3
144	65	0	3.00588238	-4283412.17	-3413203.67	-4433838.4	-2254264.16	62303.2199	104546.745	0	100	0	0	3
145	65	0	3.02675656	-2305709.66	-3412710.43	-4433838.4	-2254264.16	62303.2199	104546.745	0	100	0	0	3
146	66	0	3.04763074	-4287874.82	-3407914.17	-4433838.4	-2254264.16	62303.2199	104546.745	0	100	0	0	3
147	66	0	3.06850493	-2481465.58	-3413941.2	-4433838.4	-2254264.16	62303.2199	104546.745	0	100	0	0	3
148	67	0	3.08937911	-4253506.19	-3408249.58	-4433838.4	-2254264.16	62303.2199	104546.745	0	100	0	0	3
149	67	0	3.11025329	-3051433.49	-3437982.3	-4433838.4	-2254264.16	62303.2199	104546.745	0	100	0	0	3
150	67	0	3.13112748	-4255909.71	-3432268.04	-4433838.4	-2254264.16	61832.8688	104546.745	0	100	0	0	3
151	68	0	3.15200166	-2507762.76	-3421823.46	-4433838.4	-2254264.16	61832.8688	104546.745	0	100	0	0	3
152	68	0	3.17287584	-4250878.09	-3415396.01	-4433838.4	-2254264.16	61832.8688	104546.745	0	100	0	0	3
153	69	0	3.19375003	-2287862.78	-3405382.79	-4433838.4	-2254264.16	64364.2421	104546.745	0	100	0	0	3
154	69	0	3.21462421	-4235857.31	-3399026.57	-4433838.4	-2254264.16	70720.4666	104546.745	0	100	0	0	3
155	70	0	3.23549839	-2218020.81	-3362859.06	-4433838.4	-2218020.81	106887.979	104546.745	0	97.8	0	0	3
156	70	0	3.25637258	-4213918.45	-3353695.73	-4350176.2	-2218020.81	115253.694	104546.745	0	90.7	0	0	3
157	71	0	3.27724676	-2202576.93	-3349488.62	-4350176.2	-2202576.93	119460.8	104546.745	0	87.5	0	0	3
158	71	0	3.29812094	-4202374.54	-3343330.22	-4349092.22	-2202576.93	116518.93	104546.745	0	89.7	0	0	3
159	72	0	3.31899513	-2294777.38	-3342726.91	-4349092.22	-2202576.93	115362.483	104546.745	0	90.6	0	0	3
160	73	0	3.33986931	-4197284.76	-3336401.6	-4338326.61	-2202576.93	118064.356	104546.745	0	88.5	0	0	3
161	73	0	3.36074349	-2493231.85	-3334948.18	-4338326.61	-2202576.93	116641.676	104546.745	0	89.6	0	0	3
162	74	0	3.38161767	-4182767.59	-3328466.56	-4312431.78	-2202576.93	117685	104546.745	0	88.8	0	0	3
163	74	0	3.40249186	-3060433.36	-3361273.37	-4312431.78	-2202576.93	117685	104546.745	0	88.8	0	0	3
164	74	0	3.42336604	-4166466.38	-3355191.48	-4303760.73	-2202576.93	117685	104546.745	0	88.8	0	0	3
165	75	0	3.44424022	-2500628.47	-3353840.75	-4303760.73	-2202576.93	113271.946	104546.745	0	92.2	0	0	3
166	75	0	3.46511441	-4178852.5	-3348636.24	-4287874.82	-2202576.93	109515.742	104546.745	0	95.4	0	0	3
167	76	0	3.48598859	-2597850.36	-3362952.33	-4287874.82	-2202576.93	109515.742	104546.745	0	95.4	0	0	3
168	76	0	3.50686277	-4173206.75	-3358360.44	-4287874.82	-2202576.93	109515.742	104546.745	0	95.4	0	0	3
169	77	0	3.52773696	-2168729.42	-3352652.93	-4287874.82	-2168729.42	109515.742	104546.745	0	95.4	0	0	3
170	77	0	3.54861114	-4154256.97	-3347085.52	-4255909.71	-2168729.42	109515.742	104546.745	0	95.4	0	0	3
171	78	0	3.56948532	-2610903.6	-3352478.77	-4255909.71	-2168729.42	109515.742	104546.745	0	95.4	0	0	3
172	78	0	3.59035951	-4198830.79	-3350200.63	-4255909.71	-2168729.42	109515.742	104546.745	0	95.4	0	0	3
173	79	0	3.61123369	-2568510.22	-3330078.82	-4255909.71	-2168729.42	103801.487	104546.745	0	100	0	0	3
174	79	0	3.63210787	-4165581.24	-3326315.14	-4250878.09	-2168729.42	95508.3232	104546.745	0	100	0	0	3
175	80	0	3.65298206	-2169161.52	-3312206.75	-4250878.09	-2168729.42	103189.257	104546.745	0	100	0	0	3
176	80	0	3.67385624	-4147903.43	-3307916.14	-4235857.31	-2168729.42	97466.6534	104546.745	0	100	0	0	3
177	81	0	3.69473042	-2348700.46	-3310451.04	-4235857.31	-2168729.42	91110.4289	104546.745	0	100	0	0	3
178	81	0	3.71560461	-4156352.44	-3307138.34	-4213918.45	-2168729.42	55813.9886	104546.745	0	100	0	0	3
179	81	0	3.73647879	-2188159.73	-3305894.13	-4213918.45	-2168729.42	57058.2	104546.745	0	100	0	0	3
180	82	0	3.75735297	-4143340.82	-3302953.4	-4202374.54	-2168729.42	59998.9344	104546.745	0	100	0	0	3
181	82	0	3.77822716	-2341039.34	-3308722.66	-4202374.54	-2168729.42	59998.9344	104546.745	0	100	0	0	3
182	83	0	3.79910134	-4162123.55	-3307045.54	-4198830.79	-2168729.42	59998.9344	104546.745	0	100	0	0	3
183	83	0	3.81997552	-2191801.89	-3302754.89	-4198830.79	-2168729.42	60197.437	104546.745	0	100	0	0	3
184	84	0	3.8408497	-4165421.45	-3301427.26	-4198830.79	-2168729.42	61525.0749	104546.745	0	100	0	0	3
185	84	0	3.86172389	-2305466.21	-3293603.69	-4198830.79	-2168729.42	69348.6434	104546.745	0	100	0	0	3
186	85	0	3.88259807	-4173205.97	-3293205.29	-4198830.79	-2168729.42	69747.0443	104546.745	0	100	0	0	3
187	85	0	3.90347225	-2520281.17	-3270698.94	-4198830.79	-2168729.42	92253.3854	104546.745	0	100	0	0	3
188	86	0	3.92434644	-4187701.91	-3271583.76	-4198830.79	-2168729.42	92253.3854	104546.745	0	100	0	0	3
189	86	0	3.94522062	-2212347.83	-3259572.07	-4198830.79	-2168729.42	103380.265	104546.745	0	100	0	0	3
190	87	0	3.9660948	-4191383.27	-3260094.18	-4198830.79	-2168729.42	103380.265	104546.745	0	100	0	0	3
191	87	0	3.98696899	-2213413.3	-3244075.97	-4198830.79	-2168729.42	114284.467	104546.745	0	91.4	0	0	3
192	88	0	4.00784317	-4224821.61	-3246226.59	-4224821.61	-2168729.42	108576.957	104546.745	0	96.2	0	0	3
