Iteration	CPUTime	PhysTime	Travels	Value	AvValue	MinValue	MaxValue	Delta	Criteria	PrevAvRefValue	Progress	CriteriaType	CriteriaVarType	CriteriaPercentage
1	2	0	0.0208741832	298.83042	298.83042	298.83042	298.83042	0	0	0	0	0	0	3
2	3	0	0.0417483664	304.051722	301.441071	298.83042	304.051722	2.61065116	0	0	0	0	0	3
3	3	0	0.0626225495	310.180391	304.354178	298.83042	310.180391	5.52375776	0	0	0	0	0	3
4	3	0	0.0834967327	317.897756	307.740072	298.83042	317.897756	8.90965225	0	0	0	0	0	3
5	4	0	0.104370916	327.508882	311.693834	298.83042	327.508882	12.8634143	0	0	0	0	0	3
6	4	0	0.125245099	339.194554	316.277287	298.83042	339.194554	17.4468676	0	0	0	0	0	3
7	5	0	0.146119282	352.955493	321.517031	298.83042	352.955493	22.6866112	0	0	0	0	0	3
8	5	0	0.166993465	368.711702	327.416365	298.83042	368.711702	28.585945	0	0	0	0	0	3
9	6	0	0.187867649	386.877091	334.023112	298.83042	386.877091	35.1926924	0	0	0	0	0	3
10	6	0	0.208741832	410.547433	341.675544	298.83042	410.547433	42.8451244	0	0	0	0	0	3
11	6	0	0.229616015	446.306225	351.187424	298.83042	446.306225	52.3570045	0	0	0	0	0	3
12	7	0	0.250490198	484.274808	362.27804	298.83042	484.274808	63.4476198	0	0	0	0	0	3
13	7	0	0.271364381	523.709444	374.69584	298.83042	523.709444	75.8654201	0	0	0	0	0	3
14	8	0	0.292238564	561.586622	388.045182	298.83042	561.586622	89.2147617	0	0	0	0	0	3
15	8	0	0.313112748	601.722501	402.290336	298.83042	601.722501	103.459916	0	0	0	0	0	3
16	8	0	0.333986931	644.333905	417.418059	298.83042	644.333905	118.587639	0	0	0	0	0	3
17	9	0	0.354861114	683.082409	433.045374	298.83042	683.082409	134.214954	0	0	0	0	0	3
18	9	0	0.375735297	718.077386	448.880486	298.83042	718.077386	150.050066	0	0	0	0	0	3
19	10	0	0.39660948	751.641034	464.815251	298.83042	751.641034	165.984831	0	0	0	0	0	3
20	10	0	0.417483664	785.648366	480.856907	298.83042	785.648366	182.026487	0	0	0	0	0	3
21	11	0	0.438357847	824.414969	497.216815	298.83042	824.414969	198.386395	0	0	0	0	0	3
22	11	0	0.45923203	857.598252	513.597789	298.83042	857.598252	214.767369	0	0	0	0	0	3
23	12	0	0.480106213	892.242874	530.060619	298.83042	892.242874	231.230199	0	0	0	0	0	3
24	12	0	0.500980396	925.242361	546.526525	298.83042	925.242361	247.696105	0	0	0	0	0	3
25	12	0	0.521854579	959.31603	574.046759	304.051722	959.31603	272.605688	0	0	0	0	0	3
26	13	0	0.542728763	1004.8817	603.248008	310.180391	1004.8817	298.89383	0	0	0	0	0	3
27	13	0	0.563602946	1048.53813	634.012913	317.897756	1048.53813	326.272841	0	0	0	0	0	3
28	14	0	0.584477129	1090.66884	666.211708	327.508882	1090.66884	354.517874	0	0	0	0	0	3
29	14	0	0.605351312	1129.57716	699.63122	339.194554	1129.57716	383.353933	0	0	0	0	0	3
30	15	0	0.626225495	1165.33514	734.053744	352.955493	1165.33514	412.536713	0	0	0	0	0	3
31	15	0	0.647099679	1208.16288	769.687386	368.711702	1208.16288	442.271021	0	0	0	0	0	3
32	15	0	0.667973862	1250.1043	806.412077	386.877091	1250.1043	472.388965	0	0	0	0	0	3
33	16	0	0.688848045	1290.4015	844.058928	410.547433	1290.4015	502.383383	0	0	0	0	0	3
34	16	0	0.709722228	1328.1424	882.292051	446.306225	1328.1424	531.104627	0	0	0	0	0	3
35	17	0	0.730596411	1363.55489	920.510746	484.274808	1363.55489	558.232706	0	0	0	0	0	3
36	17	0	0.751470594	1409.31296	959.054002	523.709444	1409.31296	584.358162	0	0	0	0	0	3
37	18	0	0.772344778	1452.78239	997.765375	561.586622	1452.78239	609.720193	0	0	0	0	0	3
38	18	0	0.793218961	1495.0988	1036.66172	601.722501	1495.0988	634.371379	0	0	0	0	0	3
39	18	0	0.814093144	1534.7764	1075.53896	644.333905	1534.7764	658.120902	0	0	0	0	0	3
40	19	0	0.834967327	1573.00877	1114.23375	683.082409	1573.00877	681.188373	0	0	0	0	0	3
41	19	0	0.85584151	1625.63685	1153.50685	718.077386	1625.63685	704.626363	0	0	0	0	0	3
42	20	0	0.876715693	1674.5146	1193.3584	751.641034	1674.5146	728.543149	0	0	0	0	0	3
43	20	0	0.897589877	1720.30675	1233.71947	785.648366	1720.30675	752.862564	0	0	0	0	0	3
44	20	0	0.91846406	1760.35124	1274.33209	824.414969	1760.35124	777.115276	0	0	0	0	0	3
45	21	0	0.939338243	1796.34422	1314.82914	857.598252	1796.34422	801.231354	0	0	0	0	0	3
46	21	0	0.960212426	1830.02463	1355.34691	892.242874	1830.02463	825.28629	0	0	0	0	0	3
47	22	0	0.981086609	1859.45753	1395.64752	925.242361	1859.45753	849.120994	0	0	0	0	0	3
48	22	0	1.00196079	1885.54163	1435.65999	959.31603	1885.54163	861.61323	47.2608372	0	5.4	0	0	3
49	23	0	1.02283498	1909.43708	1475.24837	1004.8817	1909.43708	872.000358	47.9777006	0	5.5	0	0	3
50	23	0	1.04370916	1931.29983	1513.84912	1048.53813	1931.29983	879.836208	48.3056419	0	5.4	0	0	3
51	23	0	1.06458334	1951.13331	1551.45725	1090.66884	1951.13331	860.46447	48.5361168	0	5.6	0	0	3
52	24	0	1.08545753	1968.48803	1588.03305	1129.57716	1968.48803	838.910861	48.7094311	0	5.8	0	0	3
53	24	0	1.10633171	1981.05903	1623.51146	1165.33514	1981.05903	815.723889	48.8187318	0	5.9	0	0	3
54	25	0	1.12720589	1996.3628	1658.13762	1208.16288	1996.3628	788.199916	48.899313	0	6.2	0	0	3
55	25	0	1.14808007	2006.26607	1691.39192	1250.1043	2006.26607	756.161774	48.931787	0	6.4	0	0	3
56	26	0	1.16895426	2018.61707	1723.41328	1290.4015	2018.61707	728.215572	48.9343386	0	6.7	0	0	3
57	26	0	1.18982844	2026.18182	1754.0708	1328.1424	2026.18182	698.03942	48.8826378	0	7	0	0	3
58	27	0	1.21070262	2036.12316	1783.56999	1363.55489	2036.12316	672.568268	48.7638248	0	7.2	0	0	3
59	27	0	1.23157681	2044.48581	1811.94212	1409.31296	2044.48581	635.17285	48.5858708	0	7.6	0	0	3
60	27	0	1.25245099	2049.93258	1838.6346	1452.78239	2049.93258	597.150195	48.352606	0	8	0	0	3
61	28	0	1.27332517	2056.24369	1863.77882	1495.0988	2056.24369	561.14489	48.0823834	0	8.5	0	0	3
62	28	0	1.29419936	2061.62058	1887.38389	1534.7764	2061.62058	526.844176	47.7762805	0	9	0	0	3
63	29	0	1.31507354	2065.8922	1909.51372	1573.00877	2065.8922	492.883433	47.4343117	0	9.6	0	0	3
64	29	0	1.33594772	2070.57299	1930.24556	1625.63685	2070.57299	444.936132	47.2608372	0	10.6	0	0	3
65	30	0	1.35682191	2074.52656	1948.9493	1674.5146	2074.52656	400.011952	47.2608372	0	11.8	0	0	3
66	30	0	1.37769609	2078.1299	1965.7666	1720.30675	2078.1299	357.82315	47.2608372	0	13.2	0	0	3
67	31	0	1.39857027	2080.75291	1980.78519	1760.35124	2080.75291	320.401671	47.2608372	0	14.7	0	0	3
68	31	0	1.41944446	2083.20256	1994.23733	1796.34422	2083.20256	286.858342	47.2608372	0	16.4	0	0	3
69	31	0	1.44031864	2085.75125	2006.29596	1830.02463	2085.75125	255.726625	47.2608372	0	18.4	0	0	3
70	32	0	1.46119282	2088.53767	2017.06734	1859.45753	2088.53767	229.080139	47.2608372	0	20.6	0	0	3
71	32	0	1.48206701	2091.23352	2026.72467	1885.54163	2091.23352	205.691889	47.2608372	0	22.9	0	0	3
72	33	0	1.50294119	2093.39008	2035.38502	1909.43708	2093.39008	183.953007	47.2608372	0	25.6	0	0	3
73	33	0	1.52381537	2095.89454	2043.15408	1931.29983	2095.89454	164.594705	47.2608372	0	28.7	0	0	3
74	34	0	1.54468956	2097.66084	2050.08579	1951.13331	2097.66084	146.527531	47.2608372	0	32.2	0	0	3
75	34	0	1.56556374	2099.54547	2056.26963	1968.48803	2099.54547	131.057448	47.2608372	0	36	0	0	3
76	35	0	1.58643792	2101.20659	2061.79957	1981.05903	2101.20659	120.14756	47.2608372	0	39.3	0	0	3
77	35	0	1.6073121	2103.14781	2066.8866	1996.3628	2103.14781	106.78501	47.2608372	0	44.2	0	0	3
78	35	0	1.62818629	2105.19455	2071.42126	2006.26607	2105.19455	98.928476	47.2608372	0	47.7	0	0	3
79	36	0	1.64906047	2106.58938	2075.6014	2018.61707	2106.58938	87.9723079	47.2608372	0	53.7	0	0	3
80	36	0	1.66993465	2108.23008	2079.33527	2026.18182	2108.23008	82.0482537	47.2608372	0	57.6	0	0	3
81	37	0	1.69080884	2109.94224	2082.82529	2036.12316	2109.94224	73.8190847	47.2608372	0	64	0	0	3
82	37	0	1.71168302	2111.15395	2085.95157	2044.48581	2111.15395	66.6681388	47.2608372	0	70.8	0	0	3
83	38	0	1.7325572	2112.33759	2088.77873	2049.93258	2112.33759	62.4050052	47.2608372	0	75.7	0	0	3
84	38	0	1.75343139	2113.5234	2091.42835	2056.24369	2113.5234	57.2797115	47.2608372	0	82.5	0	0	3
85	39	0	1.77430557	2114.30087	2093.8474	2061.62058	2114.30087	52.6802942	47.2608372	0	89.7	0	0	3
86	39	0	1.79517975	2115.17564	2096.07886	2065.8922	2115.17564	49.2834452	47.2608372	0	95.8	0	0	3
87	39	0	1.81605394	2115.93849	2098.16412	2070.57299	2115.93849	45.3655056	47.2608372	0	100	0	0	3
88	40	0	1.83692812	2116.72779	2100.08724	2074.52656	2116.72779	42.2012348	47.2608372	0	100	0	0	3
89	40	0	1.8578023	2117.63791	2101.88354	2078.1299	2117.63791	39.5080158	47.2608372	0	100	0	0	3
90	41	0	1.87867649	2118.4601	2103.56397	2080.75291	2118.4601	37.7071844	47.2608372	0	100	0	0	3
91	41	0	1.89955067	2119.59306	2105.18231	2083.20256	2119.59306	36.3905055	47.2608372	0	100	0	0	3
92	42	0	1.92042485	2120.49716	2106.73625	2085.75125	2120.49716	34.7459046	47.2608372	0	100	0	0	3
93	42	0	1.94129904	2121.64303	2108.23174	2088.53767	2121.64303	33.1053637	47.2608372	0	100	0	0	3
94	42	0	1.96217322	2122.72087	2109.65604	2091.23352	2122.72087	31.4873487	47.2608372	0	100	0	0	3
95	43	0	1.9830474	2124.20385	2111.0298	2093.39008	2124.20385	30.8137688	47.2608372	0	100	0	0	3
96	43	0	2.00392159	2125.74759	2112.37803	2095.89454	2125.74759	29.8530538	47.2608372	0	100	0	0	3
97	44	0	2.02479577	2127.17764	2113.6815	2097.66084	2127.17764	29.516805	47.2608372	0	100	0	0	3
98	44	0	2.04566995	2128.42331	2114.96327	2099.54547	2128.42331	28.8778365	47.2608372	0	100	0	0	3
99	45	0	2.06654413	2130.10554	2116.2366	2101.20659	2130.10554	28.8989506	47.2608372	0	100	0	0	3
100	45	0	2.08741832	2131.51984	2117.49965	2103.14781	2131.51984	28.3720312	47.2608372	0	100	0	0	3
101	46	0	2.1082925	2133.57626	2118.76751	2105.19455	2133.57626	28.3817187	47.2608372	0	100	0	0	3
102	46	0	2.12916668	2135.40015	2120.02607	2106.58938	2135.40015	28.8107686	47.2608372	0	100	0	0	3
103	47	0	2.15004087	2137.40888	2121.31022	2108.23008	2137.40888	29.1788067	47.2608372	0	100	0	0	3
104	47	0	2.17091505	2139.65032	2122.6194	2109.94224	2139.65032	29.7080726	47.2608372	0	100	0	0	3
105	47	0	2.19178923	2142.28176	2123.96688	2111.15395	2142.28176	31.1278136	47.2608372	0	100	0	0	3
106	48	0	2.21266342	2144.95353	2125.37519	2112.33759	2144.95353	32.6159434	47.2608372	0	100	0	0	3
107	48	0	2.2335376	2147.5668	2126.84308	2113.5234	2147.5668	34.0434004	47.2608372	0	100	0	0	3
108	49	0	2.25441178	2150.32078	2128.3763	2114.30087	2150.32078	34.5289033	47.2608372	0	100	0	0	3
109	49	0	2.27528597	2153.01231	2129.98928	2115.17564	2153.01231	33.910419	47.2608372	0	100	0	0	3
110	50	0	2.29616015	2155.75673	2131.68015	2115.93849	2155.75673	33.5160352	47.2608372	0	100	0	0	3
111	50	0	2.31703433	2158.4656	2133.45212	2116.72779	2158.4656	33.3648812	47.2608372	0	100	0	0	3
112	51	0	2.33790852	2160.98642	2135.29623	2117.63791	2160.98642	33.412684	47.2608372	0	100	0	0	3
113	51	0	2.3587827	2164.09001	2137.23173	2118.4601	2164.09001	33.6677632	47.2608372	0	100	0	0	3
114	52	0	2.37965688	2166.63747	2139.23912	2119.59306	2166.63747	34.0568144	47.2608372	0	100	0	0	3
115	52	0	2.40053107	2169.17495	2141.30503	2120.49716	2169.17495	34.5687848	47.2608372	0	100	0	0	3
116	52	0	2.42140525	2171.01867	2143.4101	2121.64303	2171.01867	35.178357	47.2608372	0	100	0	0	3
117	53	0	2.44227943	2173.17626	2145.55731	2122.72087	2173.17626	35.9012748	47.2608372	0	100	0	0	3
118	53	0	2.46315361	2174.86347	2147.72992	2124.20385	2174.86347	36.7001193	47.2608372	0	100	0	0	3
119	54	0	2.4840278	2176.29226	2149.90027	2125.74759	2176.29226	37.5222402	47.2608372	0	100	0	0	3
120	54	0	2.50490198	2177.80306	2152.06925	2127.17764	2177.80306	38.3877555	47.2608372	0	100	0	0	3
121	55	0	2.52577616	2179.42167	2154.24609	2128.42331	2179.42167	39.2828203	47.2608372	0	100	0	0	3
122	55	0	2.54665035	2180.60096	2156.42015	2130.10554	2180.60096	40.1835532	47.2608372	0	100	0	0	3
123	56	0	2.56752453	2182.12673	2158.5877	2131.51984	2182.12673	41.0880507	47.2608372	0	100	0	0	3
124	56	0	2.58839871	2183.22942	2160.74227	2133.57626	2183.22942	41.974764	47.2608372	0	100	0	0	3
125	56	0	2.6092729	2184.41263	2162.86045	2135.40015	2184.41263	42.8343791	47.2608372	0	100	0	0	3
126	57	0	2.63014708	2185.35163	2164.94176	2137.40888	2185.35163	43.6315447	47.2608372	0	100	0	0	3
127	57	0	2.65102126	2186.37752	2166.98212	2139.65032	2186.37752	44.362728	47.2608372	0	100	0	0	3
128	58	0	2.67189545	2187.14484	2168.96106	2142.28176	2187.14484	44.8630799	47.2608372	0	100	0	0	3
129	58	0	2.69276963	2188.16679	2170.87294	2144.95353	2188.16679	43.2132563	47.2608372	0	100	0	0	3
130	59	0	2.71364381	2188.8469	2172.70183	2147.5668	2188.8469	41.280095	47.2608372	0	100	0	0	3
131	59	0	2.734518	2189.73664	2174.45891	2150.32078	2189.73664	39.4158644	47.2608372	0	100	0	0	3
132	60	0	2.75539218	2190.26572	2176.12328	2153.01231	2190.26572	37.2534056	47.2608372	0	100	0	0	3
133	60	0	2.77626636	2191.41389	2177.72334	2155.75673	2191.41389	35.6571615	47.2608372	0	100	0	0	3
134	60	0	2.79714055	2191.96048	2179.23183	2158.4656	2191.96048	33.4948818	47.2608372	0	100	0	0	3
135	61	0	2.81801473	2193.0603	2180.67328	2160.98642	2193.0603	32.0738855	47.2608372	0	100	0	0	3
136	61	0	2.83888891	2194.01238	2182.04936	2164.09001	2194.01238	29.9223658	47.2608372	0	100	0	0	3
137	62	0	2.8597631	2194.36817	2183.31095	2166.63747	2194.36817	27.7306916	47.2608372	0	100	0	0	3
138	62	0	2.88063728	2195.84534	2184.52794	2169.17495	2195.84534	26.6703833	47.2608372	0	100	0	0	3
139	63	0	2.90151146	2197.09263	2185.69118	2171.01867	2197.09263	26.0739594	47.2608372	0	100	0	0	3
140	63	0	2.92238564	2197.2424	2186.78384	2173.17626	2197.2424	24.0661376	47.2608372	0	100	0	0	3
141	63	0	2.94325983	2198.99023	2187.85942	2174.86347	2198.99023	24.12676	47.2608372	0	100	0	0	3
142	64	0	2.96413401	2200.24037	2188.91679	2176.29226	2200.24037	23.9481135	47.2608372	0	100	0	0	3
143	64	0	2.98500819	2201.44215	2189.9647	2177.80306	2201.44215	23.6390829	47.2608372	0	100	0	0	3
144	65	0	3.00588238	2202.76063	2191.0046	2179.42167	2202.76063	23.3389625	47.2608372	0	100	0	0	3
145	65	0	3.02675656	2203.99592	2192.02853	2180.60096	2203.99592	23.3949535	47.2608372	0	100	0	0	3
146	66	0	3.04763074	2205.20451	2193.05368	2182.12673	2205.20451	23.0777805	47.2608372	0	100	0	0	3
147	66	0	3.06850493	2206.22865	2194.05792	2183.22942	2206.22865	22.9992362	47.2608372	0	100	0	0	3
148	67	0	3.08937911	2207.42046	2195.06588	2184.41263	2207.42046	23.0078256	47.2608372	0	100	0	0	3
149	67	0	3.11025329	2208.54204	2196.07127	2185.35163	2208.54204	23.1904168	47.2608372	0	100	0	0	3
150	67	0	3.13112748	2209.83103	2197.09125	2186.37752	2209.83103	23.4535076	47.2608372	0	100	0	0	3
151	68	0	3.15200166	2211.38455	2198.13321	2187.14484	2211.38455	24.2397043	47.2608372	0	100	0	0	3
152	68	0	3.17287584	2212.98485	2199.20988	2188.16679	2212.98485	24.8180635	47.2608372	0	100	0	0	3
153	69	0	3.19375003	2214.20593	2200.29484	2188.8469	2214.20593	25.359036	47.2608372	0	100	0	0	3
154	69	0	3.21462421	2215.62525	2201.4106	2189.73664	2215.62525	25.8886132	47.2608372	0	100	0	0	3
155	70	0	3.23549839	2217.24451	2202.55677	2190.26572	2217.24451	26.4334882	47.2608372	0	100	0	0	3
156	70	0	3.25637258	2218.88857	2203.74938	2191.41389	2218.88857	26.0260414	47.2608372	0	100	0	0	3
157	71	0	3.27724676	2220.39284	2204.95684	2191.96048	2220.39284	25.7250082	47.2608372	0	100	0	0	3
158	71	0	3.29812094	2221.21417	2206.17574	2193.0603	2221.21417	25.5024658	47.2608372	0	100	0	0	3
159	72	0	3.31899513	2222.58207	2207.40582	2194.01238	2222.58207	25.3564578	47.2608372	0	100	0	0	3
160	73	0	3.33986931	2224.8286	2208.68983	2194.36817	2224.8286	25.3788772	47.2608372	0	100	0	0	3
161	73	0	3.36074349	2226.38149	2210.02372	2195.84534	2226.38149	25.4957714	47.2608372	0	100	0	0	3
162	74	0	3.38161767	2227.84958	2211.35723	2197.09263	2227.84958	25.6660451	47.2608372	0	100	0	0	3
163	74	0	3.40249186	2229.25028	2212.69713	2197.2424	2229.25028	25.9132921	47.2608372	0	100	0	0	3
164	74	0	3.42336604	2230.56935	2214.08575	2198.99023	2230.56935	26.2263331	47.2608372	0	100	0	0	3
165	75	0	3.44424022	2231.53415	2215.44175	2200.24037	2231.53415	26.524959	47.2608372	0	100	0	0	3
166	75	0	3.46511441	2232.66512	2216.79278	2201.44215	2232.66512	26.8280783	47.2608372	0	100	0	0	3
167	76	0	3.48598859	2233.57388	2218.1316	2202.76063	2233.57388	27.1270018	47.2608372	0	100	0	0	3
168	76	0	3.50686277	2234.46622	2219.45267	2203.99592	2234.46622	27.4241412	47.2608372	0	100	0	0	3
169	77	0	3.52773696	2235.26284	2220.75546	2205.20451	2235.26284	27.7017819	47.2608372	0	100	0	0	3
170	77	0	3.54861114	2235.82823	2222.03145	2206.22865	2235.82823	27.9735235	47.2608372	0	100	0	0	3
171	78	0	3.56948532	2236.54941	2223.29481	2207.42046	2236.54941	28.2289286	47.2608372	0	100	0	0	3
172	78	0	3.59035951	2237.04975	2224.52936	2208.54204	2237.04975	28.4580905	47.2608372	0	100	0	0	3
173	79	0	3.61123369	2237.47834	2225.73504	2209.83103	2237.47834	27.6473115	47.2608372	0	100	0	0	3
174	79	0	3.63210787	2237.81915	2226.90122	2211.38455	2237.81915	26.4345979	47.2608372	0	100	0	0	3
175	80	0	3.65298206	2237.77169	2228.00068	2212.98485	2237.81915	24.8342951	47.2608372	0	100	0	0	3
176	80	0	3.67385624	2237.89824	2229.03874	2214.20593	2237.89824	23.692303	47.2608372	0	100	0	0	3
177	81	0	3.69473042	2237.70332	2230.0178	2215.62525	2237.89824	22.2729823	47.2608372	0	100	0	0	3
178	81	0	3.71560461	2237.91865	2230.94669	2217.24451	2237.91865	20.6741455	47.2608372	0	100	0	0	3
179	81	0	3.73647879	2237.61218	2231.79534	2218.88857	2237.91865	19.0300865	47.2608372	0	100	0	0	3
180	82	0	3.75735297	2237.58989	2232.57456	2220.39284	2237.91865	17.5258106	47.2608372	0	100	0	0	3
181	82	0	3.77822716	2237.24377	2233.27668	2221.21417	2237.91865	16.7044887	47.2608372	0	100	0	0	3
182	83	0	3.79910134	2236.88879	2233.92979	2222.58207	2237.91865	15.3365825	47.2608372	0	100	0	0	3
183	83	0	3.81997552	2236.46574	2234.50828	2224.8286	2237.91865	13.0900582	47.2608372	0	100	0	0	3
184	84	0	3.8408497	2235.91151	2234.97007	2226.38149	2237.91865	11.5371657	47.2608372	0	100	0	0	3
185	84	0	3.86172389	2235.35449	2235.34394	2227.84958	2237.91865	10.069073	47.2608372	0	100	0	0	3
186	85	0	3.88259807	2234.83765	2235.63511	2229.25028	2237.91865	8.66837245	47.2608372	0	100	0	0	3
187	85	0	3.90347225	2234.73695	2235.86372	2230.56935	2237.91865	7.3493029	47.2608372	0	100	0	0	3
188	86	0	3.92434644	2234.4567	2236.02569	2231.53415	2237.91865	6.38450089	47.2608372	0	100	0	0	3
189	86	0	3.94522062	2234.28139	2236.14016	2232.66512	2237.91865	5.25353142	47.2608372	0	100	0	0	3
190	87	0	3.9660948	2233.96232	2236.19421	2233.57388	2237.91865	4.34477373	47.2608372	0	100	0	0	3
191	87	0	3.98696899	2233.7332	2236.20085	2233.7332	2237.91865	4.18545733	47.2608372	0	100	0	0	3
192	88	0	4.00784317	2233.5924	2236.16444	2233.5924	2237.91865	4.32625223	47.2608372	0	100	0	0	3
