Iteration	CPUTime	PhysTime	Travels	Value	AvValue	MinValue	MaxValue	Delta	Criteria	PrevAvRefValue	Progress	CriteriaType	CriteriaVarType	CriteriaPercentage
1	2	0	0.0208741832	300014.606	300014.606	300014.606	300014.606	0	0	0	0	0	0	3
2	3	0	0.0417483664	300012.353	300013.48	300012.353	300014.606	1.12685374	0	0	0	0	0	3
3	3	0	0.0626225495	300009.941	300012.3	300009.941	300014.606	2.30640626	0	0	0	0	0	3
4	3	0	0.0834967327	300008.255	300011.289	300008.255	300014.606	3.31772621	0	0	0	0	0	3
5	4	0	0.104370916	300007.026	300010.436	300007.026	300014.606	4.17019806	0	0	0	0	0	3
6	4	0	0.125245099	300006.422	300009.767	300006.422	300014.606	4.83930801	0	0	0	0	0	3
7	5	0	0.146119282	300006.025	300009.233	300006.025	300014.606	5.37396538	0	0	0	0	0	3
8	5	0	0.166993465	300005.839	300008.808	300005.839	300014.606	5.79811586	0	0	0	0	0	3
9	6	0	0.187867649	300005.756	300008.469	300005.756	300014.606	6.13730474	0	0	0	0	0	3
10	6	0	0.208741832	300005.783	300008.201	300005.756	300014.606	6.40596002	0	0	0	0	0	3
11	6	0	0.229616015	300005.816	300007.984	300005.756	300014.606	6.62273872	0	0	0	0	0	3
12	7	0	0.250490198	300005.882	300007.809	300005.756	300014.606	6.7978637	0	0	0	0	0	3
13	7	0	0.271364381	300005.927	300007.664	300005.756	300014.606	6.94258016	0	0	0	0	0	3
14	8	0	0.292238564	300005.974	300007.543	300005.756	300014.606	7.06330844	0	0	0	0	0	3
15	8	0	0.313112748	300005.994	300007.44	300005.756	300014.606	7.16658423	0	0	0	0	0	3
16	8	0	0.333986931	300006.012	300007.351	300005.756	300014.606	7.25580986	0	0	0	0	0	3
17	9	0	0.354861114	300006.025	300007.273	300005.756	300014.606	7.33381244	0	0	0	0	0	3
18	9	0	0.375735297	300006.022	300007.203	300005.756	300014.606	7.40332207	0	0	0	0	0	3
19	10	0	0.39660948	300006.012	300007.14	300005.756	300014.606	7.4659944	0	0	0	0	0	3
20	10	0	0.417483664	300006.011	300007.084	300005.756	300014.606	7.52246009	0	0	0	0	0	3
21	11	0	0.438357847	300006.008	300007.033	300005.756	300014.606	7.57371832	0	0	0	0	0	3
22	11	0	0.45923203	300006.005	300006.986	300005.756	300014.606	7.62041345	0	0	0	0	0	3
23	12	0	0.480106213	300005.996	300006.943	300005.756	300014.606	7.6634793	0	0	0	0	0	3
24	12	0	0.500980396	300005.989	300006.903	300005.756	300014.606	7.70320957	0	0	0	0	0	3
25	12	0	0.521854579	300005.98	300006.544	300005.756	300012.353	6.5971083	0	0	0	0	0	3
26	13	0	0.542728763	300005.976	300006.278	300005.756	300009.941	4.18530446	0	0	0	0	0	3
27	13	0	0.563602946	300005.967	300006.113	300005.756	300008.255	2.49912972	0	0	0	0	0	3
28	14	0	0.584477129	300005.96	300006.017	300005.756	300007.026	1.27073032	0	0	0	0	0	3
29	14	0	0.605351312	300005.951	300005.972	300005.756	300006.422	0.665957995	0	0	0	0	0	3
30	15	0	0.626225495	300005.944	300005.952	300005.756	300006.025	0.268962043	0	0	0	0	0	3
31	15	0	0.647099679	300005.937	300005.949	300005.756	300006.025	0.268962043	0	0	0	0	0	3
32	15	0	0.667973862	300005.931	300005.952	300005.756	300006.025	0.268962043	0	0	0	0	0	3
33	16	0	0.688848045	300005.923	300005.959	300005.783	300006.025	0.242003854	0	0	0	0	0	3
34	16	0	0.709722228	300005.917	300005.965	300005.816	300006.025	0.208671961	0	0	0	0	0	3
35	17	0	0.730596411	300005.908	300005.969	300005.882	300006.025	0.142384786	0	0	0	0	0	3
36	17	0	0.751470594	300005.905	300005.97	300005.905	300006.025	0.119486498	0	0	0	0	0	3
37	18	0	0.772344778	300005.901	300005.969	300005.901	300006.025	0.123186631	0	0	0	0	0	3
38	18	0	0.793218961	300005.896	300005.965	300005.896	300006.025	0.128167439	0	0	0	0	0	3
39	18	0	0.814093144	300005.893	300005.961	300005.893	300006.025	0.131453093	0	0	0	0	0	3
40	19	0	0.834967327	300005.888	300005.956	300005.888	300006.025	0.136204851	0	0	0	0	0	3
41	19	0	0.85584151	300005.882	300005.95	300005.882	300006.022	0.139177874	0	0	0	0	0	3
42	20	0	0.876715693	300005.88	300005.944	300005.88	300006.012	0.132415914	0	0	0	0	0	3
43	20	0	0.897589877	300005.876	300005.939	300005.876	300006.011	0.135393407	0	0	0	0	0	3
44	20	0	0.91846406	300005.87	300005.933	300005.87	300006.008	0.137717559	0	0	0	0	0	3
45	21	0	0.939338243	300005.866	300005.927	300005.866	300006.005	0.139698366	0	0	0	0	0	3
46	21	0	0.960212426	300005.861	300005.921	300005.861	300005.996	0.134391667	0	0	0	0	0	3
47	22	0	0.981086609	300005.855	300005.915	300005.855	300005.989	0.134385688	0	0	0	0	0	3
48	22	0	1.00196079	300005.85	300005.909	300005.85	300005.98	0.130497826	0.125559134	0	96.2	0	0	3
49	23	0	1.02283498	300005.844	300005.903	300005.844	300005.976	0.131501643	0.125559134	0	95.4	0	0	3
50	23	0	1.04370916	300005.836	300005.898	300005.836	300005.967	0.131086548	0.125559134	0	95.7	0	0	3
51	23	0	1.06458334	300005.82	300005.891	300005.82	300005.96	0.125527232	0.125559134	0	100	0	0	3
52	24	0	1.08545753	300005.808	300005.885	300005.808	300005.951	0.0870359571	0.125559134	0	100	0	0	3
53	24	0	1.10633171	300005.791	300005.878	300005.791	300005.944	0.0912422955	0.125559134	0	100	0	0	3
54	25	0	1.12720589	300005.772	300005.871	300005.772	300005.937	0.0983944599	0.125559134	0	100	0	0	3
55	25	0	1.14808007	300005.744	300005.863	300005.744	300005.931	0.106436352	0.125559134	0	100	0	0	3
56	26	0	1.16895426	300005.715	300005.854	300005.715	300005.923	0.115419254	0.125559134	0	100	0	0	3
57	26	0	1.18982844	300005.672	300005.844	300005.672	300005.917	0.125846847	0.125559134	0	99.7	0	0	3
58	27	0	1.21070262	300005.629	300005.832	300005.629	300005.908	0.137811563	0.125559134	0	91.1	0	0	3
59	27	0	1.23157681	300005.577	300005.818	300005.577	300005.905	0.151600443	0.125559134	0	82.8	0	0	3
60	27	0	1.25245099	300005.528	300005.802	300005.528	300005.901	0.166239337	0.125559134	0	75.5	0	0	3
61	28	0	1.27332517	300005.471	300005.784	300005.471	300005.896	0.180976217	0.125559134	0	69.3	0	0	3
62	28	0	1.29419936	300005.413	300005.764	300005.413	300005.893	0.196897969	0.125559134	0	63.7	0	0	3
63	29	0	1.31507354	300005.362	300005.742	300005.362	300005.888	0.213858778	0.125559134	0	58.7	0	0	3
64	29	0	1.33594772	300005.311	300005.718	300005.311	300005.882	0.231972233	0.125559134	0	54.1	0	0	3
65	30	0	1.35682191	300005.267	300005.693	300005.267	300005.88	0.251694725	0.125559134	0	49.8	0	0	3
66	30	0	1.37769609	300005.224	300005.665	300005.224	300005.876	0.273315386	0.125559134	0	45.9	0	0	3
67	31	0	1.39857027	300005.185	300005.636	300005.185	300005.87	0.296227617	0.125559134	0	42.3	0	0	3
68	31	0	1.41944446	300005.154	300005.607	300005.154	300005.866	0.320164819	0.125559134	0	39.2	0	0	3
69	31	0	1.44031864	300005.118	300005.575	300005.118	300005.861	0.345316418	0.125559134	0	36.3	0	0	3
70	32	0	1.46119282	300005.092	300005.543	300005.092	300005.855	0.371518321	0.125559134	0	33.7	0	0	3
71	32	0	1.48206701	300005.068	300005.511	300005.068	300005.85	0.398505512	0.125559134	0	31.5	0	0	3
72	33	0	1.50294119	300005.051	300005.477	300005.051	300005.844	0.426137968	0.125559134	0	29.4	0	0	3
73	33	0	1.52381537	300005.027	300005.443	300005.027	300005.836	0.454344763	0.125559134	0	27.6	0	0	3
74	34	0	1.54468956	300005.014	300005.409	300005.014	300005.82	0.482460468	0.125559134	0	26	0	0	3
75	34	0	1.56556374	300004.997	300005.375	300004.997	300005.808	0.510439121	0.125559134	0	24.5	0	0	3
76	35	0	1.58643792	300004.986	300005.34	300004.986	300005.791	0.538056159	0.125559134	0	23.3	0	0	3
77	35	0	1.6073121	300004.966	300005.306	300004.966	300005.772	0.565272021	0.125559134	0	22.2	0	0	3
78	35	0	1.62818629	300004.956	300005.272	300004.956	300005.744	0.59121702	0.125559134	0	21.2	0	0	3
79	36	0	1.64906047	300004.939	300005.239	300004.939	300005.715	0.615747791	0.125559134	0	20.3	0	0	3
80	36	0	1.66993465	300004.933	300005.206	300004.933	300005.672	0.637924889	0.125559134	0	19.6	0	0	3
81	37	0	1.69080884	300004.918	300005.175	300004.918	300005.629	0.657369036	0.125559134	0	19.1	0	0	3
82	37	0	1.71168302	300004.911	300005.145	300004.911	300005.577	0.665705033	0.125559134	0	18.8	0	0	3
83	38	0	1.7325572	300004.894	300005.116	300004.894	300005.528	0.634142469	0.125559134	0	19.7	0	0	3
84	38	0	1.75343139	300004.888	300005.089	300004.888	300005.471	0.58207376	0.125559134	0	21.5	0	0	3
85	39	0	1.77430557	300004.871	300005.064	300004.871	300005.413	0.542541687	0.125559134	0	23.1	0	0	3
86	39	0	1.79517975	300004.863	300005.042	300004.863	300005.362	0.499607517	0.125559134	0	25.1	0	0	3
87	39	0	1.81605394	300004.847	300005.02	300004.847	300005.311	0.464877904	0.125559134	0	27	0	0	3
88	40	0	1.83692812	300004.842	300005.001	300004.842	300005.267	0.4251235	0.125559134	0	29.5	0	0	3
89	40	0	1.8578023	300004.827	300004.982	300004.827	300005.224	0.39731449	0.125559134	0	31.6	0	0	3
90	41	0	1.87867649	300004.819	300004.965	300004.819	300005.185	0.365968005	0.125559134	0	34.3	0	0	3
91	41	0	1.89955067	300004.803	300004.949	300004.803	300005.154	0.350628567	0.125559134	0	35.8	0	0	3
92	42	0	1.92042485	300004.797	300004.934	300004.797	300005.118	0.320897031	0.125559134	0	39.1	0	0	3
93	42	0	1.94129904	300004.783	300004.921	300004.783	300005.092	0.309169744	0.125559134	0	40.6	0	0	3
94	42	0	1.96217322	300004.779	300004.907	300004.779	300005.068	0.288423702	0.125559134	0	43.5	0	0	3
95	43	0	1.9830474	300004.766	300004.895	300004.766	300005.051	0.284430607	0.125559134	0	44.1	0	0	3
96	43	0	2.00392159	300004.762	300004.883	300004.762	300005.027	0.264756818	0.125559134	0	47.4	0	0	3
97	44	0	2.02479577	300004.75	300004.871	300004.75	300005.014	0.264855255	0.125559134	0	47.4	0	0	3
98	44	0	2.04566995	300004.748	300004.86	300004.748	300004.997	0.248823249	0.125559134	0	50.4	0	0	3
99	45	0	2.06654413	300004.738	300004.849	300004.738	300004.986	0.248286129	0.125559134	0	50.5	0	0	3
100	45	0	2.08741832	300004.736	300004.839	300004.736	300004.966	0.230421409	0.125559134	0	54.4	0	0	3
101	46	0	2.1082925	300004.726	300004.829	300004.726	300004.956	0.23074502	0.125559134	0	54.4	0	0	3
102	46	0	2.12916668	300004.726	300004.819	300004.726	300004.939	0.213827983	0.125559134	0	58.7	0	0	3
103	47	0	2.15004087	300004.716	300004.81	300004.716	300004.933	0.217095747	0.125559134	0	57.8	0	0	3
104	47	0	2.17091505	300004.716	300004.801	300004.716	300004.918	0.202784109	0.125559134	0	61.9	0	0	3
105	47	0	2.19178923	300004.706	300004.792	300004.706	300004.911	0.205166451	0.125559134	0	61.1	0	0	3
106	48	0	2.21266342	300004.706	300004.784	300004.706	300004.894	0.188136952	0.125559134	0	66.7	0	0	3
107	48	0	2.2335376	300004.694	300004.775	300004.694	300004.888	0.194135201	0.125559134	0	64.6	0	0	3
108	49	0	2.25441178	300004.694	300004.767	300004.694	300004.871	0.176757423	0.125559134	0	71	0	0	3
109	49	0	2.27528597	300004.684	300004.759	300004.684	300004.863	0.178865335	0.125559134	0	70.1	0	0	3
110	50	0	2.29616015	300004.684	300004.752	300004.684	300004.847	0.162734062	0.125559134	0	77.1	0	0	3
111	50	0	2.31703433	300004.674	300004.745	300004.674	300004.842	0.168551113	0.125559134	0	74.4	0	0	3
112	51	0	2.33790852	300004.672	300004.738	300004.672	300004.827	0.154714928	0.125559134	0	81.1	0	0	3
113	51	0	2.3587827	300004.662	300004.731	300004.662	300004.819	0.156459775	0.125559134	0	80.2	0	0	3
114	52	0	2.37965688	300004.663	300004.724	300004.662	300004.803	0.140766444	0.125559134	0	89.1	0	0	3
115	52	0	2.40053107	300004.654	300004.718	300004.654	300004.797	0.143083446	0.125559134	0	87.7	0	0	3
116	52	0	2.42140525	300004.653	300004.712	300004.653	300004.783	0.129493987	0.125559134	0	96.9	0	0	3
117	53	0	2.44227943	300004.644	300004.706	300004.644	300004.779	0.135369408	0.125559134	0	92.7	0	0	3
118	53	0	2.46315361	300004.646	300004.701	300004.644	300004.766	0.122600115	0.125559134	0	100	0	0	3
119	54	0	2.4840278	300004.637	300004.695	300004.637	300004.762	0.125043699	0.125559134	0	100	0	0	3
120	54	0	2.50490198	300004.637	300004.69	300004.637	300004.75	0.112147759	0.125559134	0	100	0	0	3
121	55	0	2.52577616	300004.628	300004.685	300004.628	300004.748	0.119826489	0.125559134	0	100	0	0	3
122	55	0	2.54665035	300004.631	300004.68	300004.628	300004.738	0.10938456	0.125559134	0	100	0	0	3
123	56	0	2.56752453	300004.623	300004.676	300004.623	300004.736	0.113337168	0.125559134	0	100	0	0	3
124	56	0	2.58839871	300004.623	300004.671	300004.623	300004.726	0.102994578	0.125559134	0	100	0	0	3
125	56	0	2.6092729	300004.615	300004.666	300004.615	300004.726	0.110065555	0.125559134	0	100	0	0	3
126	57	0	2.63014708	300004.618	300004.662	300004.615	300004.716	0.100321534	0.125559134	0	100	0	0	3
127	57	0	2.65102126	300004.61	300004.657	300004.61	300004.716	0.105791859	0.125559134	0	100	0	0	3
128	58	0	2.67189545	300004.611	300004.653	300004.61	300004.706	0.0961683642	0.125559134	0	100	0	0	3
129	58	0	2.69276963	300004.603	300004.649	300004.603	300004.706	0.102413495	0.125559134	0	100	0	0	3
130	59	0	2.71364381	300004.604	300004.644	300004.603	300004.694	0.091049946	0.125559134	0	100	0	0	3
131	59	0	2.734518	300004.598	300004.64	300004.598	300004.694	0.0958452201	0.125559134	0	100	0	0	3
132	60	0	2.75539218	300004.598	300004.636	300004.598	300004.684	0.0856750642	0.125559134	0	100	0	0	3
133	60	0	2.77626636	300004.592	300004.633	300004.592	300004.684	0.0924979754	0.125559134	0	100	0	0	3
134	60	0	2.79714055	300004.593	300004.629	300004.592	300004.674	0.0822675739	0.125559134	0	100	0	0	3
135	61	0	2.81801473	300004.586	300004.625	300004.586	300004.672	0.0863090895	0.125559134	0	100	0	0	3
136	61	0	2.83888891	300004.587	300004.622	300004.586	300004.663	0.0770933275	0.125559134	0	100	0	0	3
137	62	0	2.8597631	300004.579	300004.618	300004.579	300004.663	0.0839609727	0.125559134	0	100	0	0	3
138	62	0	2.88063728	300004.581	300004.615	300004.579	300004.654	0.074582865	0.125559134	0	100	0	0	3
139	63	0	2.90151146	300004.575	300004.611	300004.575	300004.653	0.0778600298	0.125559134	0	100	0	0	3
140	63	0	2.92238564	300004.576	300004.608	300004.575	300004.646	0.070843578	0.125559134	0	100	0	0	3
141	63	0	2.94325983	300004.57	300004.605	300004.57	300004.646	0.0760946578	0.125559134	0	100	0	0	3
142	64	0	2.96413401	300004.571	300004.602	300004.57	300004.637	0.0673503873	0.125559134	0	100	0	0	3
143	64	0	2.98500819	300004.566	300004.599	300004.566	300004.637	0.0719170905	0.125559134	0	100	0	0	3
144	65	0	3.00588238	300004.567	300004.596	300004.566	300004.631	0.0655291963	0.125559134	0	100	0	0	3
145	65	0	3.02675656	300004.561	300004.593	300004.561	300004.631	0.070540635	0.125559134	0	100	0	0	3
146	66	0	3.04763074	300004.563	300004.59	300004.561	300004.623	0.0625618695	0.125559134	0	100	0	0	3
147	66	0	3.06850493	300004.558	300004.588	300004.558	300004.623	0.0647277536	0.125559134	0	100	0	0	3
148	67	0	3.08937911	300004.56	300004.585	300004.558	300004.618	0.0591840195	0.125559134	0	100	0	0	3
149	67	0	3.11025329	300004.554	300004.583	300004.554	300004.618	0.0640017834	0.125559134	0	100	0	0	3
150	67	0	3.13112748	300004.556	300004.58	300004.554	300004.611	0.0572019361	0.125559134	0	100	0	0	3
151	68	0	3.15200166	300004.552	300004.578	300004.552	300004.611	0.0586018225	0.125559134	0	100	0	0	3
152	68	0	3.17287584	300004.554	300004.575	300004.552	300004.604	0.0523308304	0.125559134	0	100	0	0	3
153	69	0	3.19375003	300004.548	300004.573	300004.548	300004.604	0.0562231785	0.125559134	0	100	0	0	3
154	69	0	3.21462421	300004.551	300004.571	300004.548	300004.598	0.0501214995	0.125559134	0	100	0	0	3
155	70	0	3.23549839	300004.547	300004.569	300004.547	300004.598	0.0517861489	0.125559134	0	100	0	0	3
156	70	0	3.25637258	300004.549	300004.567	300004.547	300004.593	0.046059779	0.125559134	0	100	0	0	3
157	71	0	3.27724676	300004.544	300004.565	300004.544	300004.593	0.0490401405	0.125559134	0	100	0	0	3
158	71	0	3.29812094	300004.546	300004.563	300004.544	300004.587	0.0435324618	0.125559134	0	100	0	0	3
159	72	0	3.31899513	300004.541	300004.561	300004.541	300004.587	0.0456389513	0.125559134	0	100	0	0	3
160	73	0	3.33986931	300004.544	300004.559	300004.541	300004.581	0.0396273778	0.125559134	0	100	0	0	3
161	73	0	3.36074349	300004.539	300004.557	300004.539	300004.581	0.0423756179	0.125559134	0	100	0	0	3
162	74	0	3.38161767	300004.541	300004.556	300004.539	300004.576	0.0376213367	0.125559134	0	100	0	0	3
163	74	0	3.40249186	300004.537	300004.554	300004.537	300004.576	0.0397496767	0.125559134	0	100	0	0	3
164	74	0	3.42336604	300004.539	300004.552	300004.537	300004.571	0.034851465	0.125559134	0	100	0	0	3
165	75	0	3.44424022	300004.534	300004.551	300004.534	300004.571	0.0379140468	0.125559134	0	100	0	0	3
166	75	0	3.46511441	300004.536	300004.549	300004.534	300004.567	0.0335323759	0.125559134	0	100	0	0	3
167	76	0	3.48598859	300004.532	300004.548	300004.532	300004.567	0.0348132823	0.125559134	0	100	0	0	3
168	76	0	3.50686277	300004.535	300004.547	300004.532	300004.563	0.0310408893	0.125559134	0	100	0	0	3
169	77	0	3.52773696	300004.532	300004.545	300004.532	300004.563	0.0317544266	0.125559134	0	100	0	0	3
170	77	0	3.54861114	300004.534	300004.544	300004.532	300004.56	0.0286288888	0.125559134	0	100	0	0	3
171	78	0	3.56948532	300004.53	300004.543	300004.53	300004.56	0.03018778	0.125559134	0	100	0	0	3
172	78	0	3.59035951	300004.533	300004.542	300004.53	300004.556	0.0262025126	0.125559134	0	100	0	0	3
173	79	0	3.61123369	300004.53	300004.541	300004.53	300004.556	0.0266172969	0.125559134	0	100	0	0	3
174	79	0	3.63210787	300004.533	300004.54	300004.53	300004.554	0.0243414285	0.125559134	0	100	0	0	3
175	80	0	3.65298206	300004.529	300004.539	300004.529	300004.554	0.025261023	0.125559134	0	100	0	0	3
176	80	0	3.67385624	300004.532	300004.538	300004.529	300004.551	0.0220611032	0.125559134	0	100	0	0	3
177	81	0	3.69473042	300004.528	300004.537	300004.528	300004.551	0.0222667602	0.125559134	0	100	0	0	3
178	81	0	3.71560461	300004.531	300004.536	300004.528	300004.549	0.0208674356	0.125559134	0	100	0	0	3
179	81	0	3.73647879	300004.528	300004.536	300004.528	300004.549	0.0217779059	0.125559134	0	100	0	0	3
180	82	0	3.75735297	300004.531	300004.535	300004.528	300004.546	0.0186917289	0.125559134	0	100	0	0	3
181	82	0	3.77822716	300004.528	300004.534	300004.528	300004.546	0.0186917289	0.125559134	0	100	0	0	3
182	83	0	3.79910134	300004.531	300004.534	300004.528	300004.544	0.0159824714	0.125559134	0	100	0	0	3
183	83	0	3.81997552	300004.527	300004.533	300004.527	300004.544	0.0165272593	0.125559134	0	100	0	0	3
184	84	0	3.8408497	300004.53	300004.532	300004.527	300004.541	0.0141085665	0.125559134	0	100	0	0	3
185	84	0	3.86172389	300004.527	300004.532	300004.527	300004.541	0.014178768	0.125559134	0	100	0	0	3
186	85	0	3.88259807	300004.53	300004.531	300004.527	300004.539	0.0116024626	0.125559134	0	100	0	0	3
187	85	0	3.90347225	300004.526	300004.531	300004.526	300004.539	0.0120679024	0.125559134	0	100	0	0	3
188	86	0	3.92434644	300004.53	300004.531	300004.526	300004.536	0.0100021886	0.125559134	0	100	0	0	3
189	86	0	3.94522062	300004.527	300004.53	300004.526	300004.536	0.0100021886	0.125559134	0	100	0	0	3
190	87	0	3.9660948	300004.53	300004.53	300004.526	300004.535	0.00887970958	0.125559134	0	100	0	0	3
191	87	0	3.98696899	300004.527	300004.53	300004.526	300004.535	0.00887970958	0.125559134	0	100	0	0	3
192	88	0	4.00784317	300004.53	300004.53	300004.526	300004.534	0.00788419362	0.125559134	0	100	0	0	3
