Iteration	CPUTime	PhysTime	Travels	Value	AvValue	MinValue	MaxValue	Delta	Criteria	PrevAvRefValue	Progress	CriteriaType	CriteriaVarType	CriteriaPercentage
1	2	0	0.0248956686	293.699302	293.699302	293.699302	293.699302	0	0	0	0	0	0	3
2	2	0	0.0497913373	294.364707	294.032004	293.699302	294.364707	0.33270223	0	0	0	0	0	3
3	3	0	0.0746870059	295.239427	294.434479	293.699302	295.239427	0.735176468	0	0	0	0	0	3
4	3	0	0.0995826746	296.345831	294.912317	293.699302	296.345831	1.2130145	0	0	0	0	0	3
5	3	0	0.124478343	297.695294	295.468912	293.699302	297.695294	1.76960999	0	0	0	0	0	3
6	3	0	0.149374012	299.266395	296.101826	293.699302	299.266395	2.40252371	0	0	0	0	0	3
7	4	0	0.17426968	301.067128	296.811155	293.699302	301.067128	3.11185254	0	0	0	0	0	3
8	5	0	0.199165349	302.954105	297.579024	293.699302	302.954105	3.87972132	0	0	0	0	0	3
9	5	0	0.224061018	304.774175	298.378485	293.699302	304.774175	4.67918256	0	0	0	0	0	3
10	6	0	0.248956686	306.573635	299.198	293.699302	306.573635	5.49869757	0	0	0	0	0	3
11	6	0	0.273852355	309.823901	300.163991	293.699302	309.823901	6.46468857	0	0	0	0	0	3
12	6	0	0.298748024	310.662452	301.038863	293.699302	310.662452	7.3395603	0	0	0	0	0	3
13	7	0	0.323643692	310.939242	301.80043	293.699302	310.939242	8.10112793	0	0	0	0	0	3
14	7	0	0.348539361	311.687583	302.506655	293.699302	311.687583	8.80735316	0	0	0	0	0	3
15	8	0	0.37343503	311.953391	303.136438	293.699302	311.953391	9.43713557	0	0	0	0	0	3
16	9	0	0.398330698	312.801701	303.740517	293.699302	312.801701	10.0412145	0	0	0	0	0	3
17	9	0	0.423226367	313.448238	304.311559	293.699302	313.448238	10.6122569	0	0	0	0	0	3
18	9	0	0.448122036	314.112574	304.85606	293.699302	314.112574	11.1567578	0	0	0	0	0	3
19	9	0	0.473017704	314.746945	305.376633	293.699302	314.746945	11.6773307	0	0	0	0	0	3
20	10	0	0.497913373	315.505445	305.883074	293.699302	315.505445	12.1837713	0	0	0	0	0	3
21	10	0	0.522809041	316.53113	306.390124	293.699302	316.53113	12.6908216	0	0	0	0	0	3
22	11	0	0.54770471	317.737819	307.534815	294.364707	317.737819	13.5028106	0	0	0	0	0	3
23	11	0	0.572600379	318.931801	308.704677	295.239427	318.931801	14.270198	0	0	0	0	0	3
24	11	0	0.597496047	320.267575	309.896493	296.345831	320.267575	14.9841766	0	0	0	0	0	3
25	12	0	0.622391716	321.352417	311.087283	297.695294	321.352417	15.6183709	0	0	0	0	0	3
26	13	0	0.647287385	322.465849	312.266833	299.266395	322.465849	16.1650074	0	0	0	0	0	3
27	13	0	0.672183053	323.347759	313.413565	301.067128	323.347759	16.6024102	0	0	0	0	0	3
28	14	0	0.697078722	324.45584	314.527313	302.954105	324.45584	16.9482896	0	0	0	0	0	3
29	14	0	0.721974391	325.268478	315.589902	304.774175	325.268478	17.2114175	0	0	0	0	0	3
30	14	0	0.746870059	326.29902	316.614895	306.573635	326.29902	17.4168951	0	0	0	0	0	3
31	15	0	0.771765728	327.352737	317.604376	309.823901	327.352737	17.4403852	0	0	0	0	0	3
32	16	0	0.796661396	328.249197	318.481771	310.662452	328.249197	17.4429085	0	0	0	0	0	3
33	16	0	0.821557065	329.260775	319.367405	310.939242	329.260775	17.5669753	0	0	0	0	0	3
34	17	0	0.846452734	330.39309	320.293779	311.687583	330.39309	17.7871238	0	0	0	0	0	3
35	17	0	0.871348402	331.39223	321.232096	311.953391	331.39223	18.0956579	0	0	0	0	0	3
36	17	0	0.896244071	332.852481	322.22729	312.801701	332.852481	18.4867737	0	0	0	0	0	3
37	18	0	0.92113974	334.36854	323.254283	313.448238	334.36854	18.9427236	0	0	0	0	0	3
38	18	0	0.946035408	335.626688	324.310399	314.112574	335.626688	19.4543395	0	0	0	0	0	3
39	18	0	0.970931077	336.884288	325.394767	314.746945	336.884288	20.0181339	0	0	0	0	0	3
40	19	0	0.995826746	337.973626	326.500799	315.505445	337.973626	20.6177257	0	0	0	0	0	3
41	20	0	1.02072241	339.727642	327.654237	316.53113	339.727642	21.2641133	2.83318745	0	0	0	0	3
42	20	0	1.04561808	341.050273	328.821815	317.737819	341.050273	21.2870003	2.9174179	0	0	0	0	3
43	20	0	1.07051375	342.779342	330.014269	318.931801	342.779342	21.3095922	2.97247492	0	0	0	0	3
44	20	0	1.09540942	344.203144	331.217666	320.267575	344.203144	21.3211729	2.997565	0	0	0	0	3
45	21	0	1.12030509	345.856278	332.436176	321.352417	345.856278	21.3488927	3.01494477	0	0	0	0	3
46	21	0	1.14520076	347.465308	333.679647	322.465849	347.465308	21.4128135	3.02585574	0	0	0	0	3
47	21	0	1.17009643	348.963821	334.941455	323.347759	348.963821	21.5278901	3.02992195	0	0	0	0	3
48	22	0	1.19499209	350.326748	336.226169	324.45584	350.326748	21.6988557	3.02805874	0	0	0	0	3
49	22	0	1.21988776	351.799389	337.528243	325.268478	351.799389	21.9383403	3.02389561	0	0	0	0	3
50	22	0	1.24478343	353.123028	338.85465	326.29902	353.123028	22.2397548	3.01729071	0	0	0	0	3
51	23	0	1.2696791	354.371179	340.191419	327.352737	354.371179	22.5870432	2.99925653	0	0	0	0	3
52	23	0	1.29457477	355.626995	341.537812	328.249197	355.626995	23.0560414	2.98691702	0	0	0	0	3
53	23	0	1.31947044	357.032403	342.908441	329.260775	357.032403	23.5410358	2.98262368	0	0	0	0	3
54	24	0	1.34436611	358.173829	344.285253	330.39309	358.173829	23.9914742	2.98091647	0	0	0	0	3
55	24	0	1.36926178	359.491234	345.670879	331.39223	359.491234	24.4387836	2.98423672	0	0	0	0	3
56	24	0	1.39415744	360.57665	347.060614	332.852481	360.57665	24.8333231	2.98812093	0	0	0	0	3
57	25	0	1.41905311	361.831082	348.440547	334.36854	361.831082	25.1862642	2.99393919	0	0	0	0	3
58	25	0	1.44394878	362.92255	349.800262	335.626688	362.92255	25.4898623	3.00067303	0	0	0	0	3
59	25	0	1.46884445	364.043217	351.15343	336.884288	364.043217	25.758663	3.00837918	0	0	0	0	3
60	25	0	1.49374012	365.009284	352.492715	337.973626	365.009284	25.9919161	3.01596989	0	0	0	0	3
61	26	0	1.51863579	366.190559	353.836379	339.727642	366.190559	26.1821417	3.02329695	0	0	0	0	3
62	26	0	1.54353146	367.138003	355.141634	341.050273	367.138003	26.0877299	3.02914001	0	0	0	0	3
63	26	0	1.56842712	368.153446	356.432261	342.779342	368.153446	25.3741034	3.03393507	0	0	0	0	3
64	27	0	1.59332279	369.226278	357.691639	344.203144	369.226278	25.0231341	3.03758511	0	0	0	0	3
65	27	0	1.61821846	370.220525	358.930562	345.856278	370.220525	24.3642475	3.04069059	0	0	0	0	3
66	27	0	1.64311413	371.096483	360.132477	347.465308	371.096483	23.6311751	3.0429427	0	0	0	0	3
67	27	0	1.6680098	372.273551	361.313822	348.963821	372.273551	23.3097296	3.04574452	0	0	0	0	3
68	28	0	1.69290547	373.197181	362.467791	350.326748	373.197181	22.8704323	3.04790375	0	0	0	0	3
69	28	0	1.71780114	374.338782	363.611221	351.799389	374.338782	22.539393	3.05065694	0	0	0	0	3
70	28	0	1.7426968	375.245666	364.727711	353.123028	375.245666	22.122638	3.05294871	0	0	0	0	3
71	29	0	1.76759247	376.022746	365.818173	354.371179	376.022746	21.6515673	3.05450045	0	0	0	0	3
72	29	0	1.79248814	376.89338	366.890659	355.626995	376.89338	21.2663854	3.05589902	0	0	0	0	3
73	29	0	1.81738381	377.847224	367.948765	357.032403	377.847224	20.8148213	3.05709528	0	0	0	0	3
74	29	0	1.84227948	378.610907	368.976313	358.173829	378.610907	20.4370779	3.05750765	0	0	0	0	3
75	30	0	1.86717515	379.524464	369.99301	359.491234	379.524464	20.0332303	3.05773546	0	0	0	0	3
76	30	0	1.89207082	380.450302	370.991061	360.57665	380.450302	19.8736521	3.05697787	0	0	0	0	3
77	30	0	1.91696649	381.304098	371.978082	361.831082	381.304098	19.4730154	3.05509082	0	0	0	0	3
78	31	0	1.94186215	382.131586	372.944773	362.92255	382.131586	19.2090362	3.05256452	0	0	0	0	3
79	31	0	1.96675782	382.929331	373.897477	364.043217	382.929331	18.8861142	3.04940052	0	0	0	0	3
80	31	0	1.99165349	383.722474	374.834584	365.009284	383.722474	18.7131896	3.04591512	0	0	0	0	3
81	31	0	2.01654916	384.530817	375.764181	366.190559	384.530817	18.3402577	3.04109837	0	0	0	0	3
82	32	0	2.04144483	385.436384	376.680649	367.138003	385.436384	18.2983809	3.03586878	0	0	0	0	3
83	32	0	2.0663405	386.217598	377.589201	368.153446	386.217598	18.0641526	3.029451	0	0	0	0	3
84	32	0	2.09123617	387.035217	378.488333	369.226278	387.035217	17.8089386	3.02243394	0	0	0	0	3
85	33	0	2.11613183	387.975895	379.381172	370.220525	387.975895	17.75537	3.01470467	0	0	0	0	3
86	33	0	2.1410275	388.787725	380.265324	371.096483	388.787725	17.6912421	3.00619071	0	0	0	0	3
87	33	0	2.16592317	389.498877	381.141629	372.273551	389.498877	17.2253266	2.99695688	0	0	0	0	3
88	33	0	2.19081884	390.262016	381.998222	373.197181	390.262016	17.0648355	2.98730328	0	0	0	0	3
89	34	0	2.21571451	391.080732	382.84982	374.338782	391.080732	16.7419507	2.97718432	0	0	0	0	3
90	34	0	2.24061018	391.687977	383.675972	375.245666	391.687977	16.4423108	2.9665473	0	0	0	0	3
91	34	0	2.26550585	392.57925	384.501381	376.022746	392.57925	16.5565037	2.95588121	0	0	0	0	3
92	34	0	2.29040151	393.184191	385.318593	376.89338	393.184191	16.2908114	2.94482064	0	0	0	0	3
93	35	0	2.31529718	393.854289	386.126255	377.847224	393.854289	16.0070654	2.93328496	0	0	0	0	3
94	35	0	2.34019285	394.659501	386.92684	378.610907	394.659501	16.048594	2.92178059	0	0	0	0	3
95	35	0	2.36508852	395.299894	387.721553	379.524464	395.299894	15.7754297	2.90990389	0	0	0	0	3
96	36	0	2.38998419	395.870777	388.499949	380.450302	395.870777	15.4204758	2.8978633	0	0	0	0	3
97	36	0	2.41487986	396.695216	389.273517	381.304098	396.695216	15.3911178	2.88576373	0	0	0	0	3
98	36	0	2.43977553	397.336316	390.036955	382.131586	397.336316	15.2047293	2.87358553	0	0	0	0	3
99	36	0	2.4646712	397.911432	390.788377	382.929331	397.911432	14.9821009	2.86122825	0	0	0	0	3
100	37	0	2.48956686	398.706682	391.539679	383.722474	398.706682	14.984208	2.84910548	0	0	0	0	3
101	37	0	2.51446253	399.32085	392.282459	384.530817	399.32085	14.7900332	2.83678488	0	0	0	0	3
102	37	0	2.5393582	400.071558	393.022494	385.436384	400.071558	14.635174	2.83318745	0	0	0	0	3
103	38	0	2.56425387	400.783534	393.753311	386.217598	400.783534	14.5659355	2.83318745	0	0	0	0	3
104	38	0	2.58914954	401.468402	394.47954	387.035217	401.468402	14.4331848	2.83318745	0	0	0	0	3
105	38	0	2.61404521	402.093026	395.196578	387.975895	402.093026	14.1171309	2.83318745	0	0	0	0	3
106	39	0	2.63894088	402.834395	395.904126	388.787725	402.834395	14.0466694	2.83318745	0	0	0	0	3
107	39	0	2.66383654	403.433817	396.601559	389.498877	403.433817	13.9349396	2.83318745	0	0	0	0	3
108	39	0	2.68873221	404.094818	397.296603	390.262016	404.094818	13.832802	2.83318745	0	0	0	0	3
109	39	0	2.71362788	404.78372	397.988113	391.080732	404.78372	13.7029874	2.83318745	0	0	0	0	3
110	40	0	2.73852355	405.434574	398.671629	391.687977	405.434574	13.7465974	2.83318745	0	0	0	0	3
111	40	0	2.76341922	406.010565	399.353657	392.57925	406.010565	13.4313154	2.83318745	0	0	0	0	3
112	40	0	2.78831489	406.773074	400.029554	393.184191	406.773074	13.5888825	2.83318745	0	0	0	0	3
113	41	0	2.81321056	407.290282	400.701272	393.854289	407.290282	13.435993	2.83318745	0	0	0	0	3
114	41	0	2.83810622	407.988009	401.374307	394.659501	407.988009	13.328508	2.83318745	0	0	0	0	3
115	41	0	2.86300189	408.603728	402.038318	395.299894	408.603728	13.3038341	2.83318745	0	0	0	0	3
116	41	0	2.88789756	409.283466	402.704202	395.870777	409.283466	13.412689	2.83318745	0	0	0	0	3
117	42	0	2.91279323	409.846717	403.369723	396.695216	409.846717	13.1515019	2.83318745	0	0	0	0	3
118	42	0	2.9376889	410.576491	404.030736	397.336316	410.576491	13.2401754	2.83318745	0	0	0	0	3
119	42	0	2.96258457	411.069447	404.684695	397.911432	411.069447	13.1580145	2.83318745	0	0	0	0	3
120	43	0	2.98748024	411.69456	405.341034	398.706682	411.69456	12.9878781	2.83318745	0	0	0	0	3
121	43	0	3.01237591	412.282765	405.987514	399.32085	412.282765	12.9619154	2.83318745	0	0	0	0	3
122	43	0	3.03727157	412.878325	406.633108	400.071558	412.878325	12.8067674	2.83318745	0	0	0	0	3
123	43	0	3.06216724	413.381628	407.266921	400.783534	413.381628	12.5980941	2.83318745	0	0	0	0	3
124	44	0	3.08706291	413.96428	407.894576	401.468402	413.96428	12.4958782	2.83318745	0	0	0	0	3
125	44	0	3.11195858	414.409464	408.510817	402.093026	414.409464	12.3164378	2.83318745	0	0	0	0	3
126	44	0	3.13685425	414.947435	409.122931	402.834395	414.947435	12.1130398	2.83318745	0	0	0	0	3
127	45	0	3.16174992	415.500807	409.726094	403.433817	415.500807	12.06699	2.83318745	0	0	0	0	3
128	45	0	3.18664559	416.084825	410.328523	404.094818	416.084825	11.9900066	2.83318745	0	0	0	0	3
129	45	0	3.21154125	416.555037	410.921867	404.78372	416.555037	11.7713174	2.83318745	0	0	0	0	3
130	45	0	3.23643692	417.172975	411.511831	405.434574	417.172975	11.7384013	2.83318745	0	0	0	0	3
131	46	0	3.26133259	417.66462	412.094214	406.010565	417.66462	11.6540545	2.83318745	0	0	0	0	3
132	46	0	3.28622826	418.189712	412.674174	406.773074	418.189712	11.4166377	2.83318745	0	0	0	0	3
133	46	0	3.31112393	418.760268	413.244992	407.290282	418.760268	11.4699859	2.83318745	0	0	0	0	3
134	47	0	3.3360196	419.340268	413.818801	407.988009	419.340268	11.352259	2.83318745	0	0	0	0	3
135	47	0	3.36091527	419.814049	414.381946	408.603728	419.814049	11.2103215	2.83318745	0	0	0	0	3
136	47	0	3.38581094	420.386266	414.943019	409.283466	420.386266	11.1027996	2.83318745	0	0	0	0	3
137	48	0	3.4107066	420.891302	415.495773	409.846717	420.891302	11.0445846	2.83318745	0	0	0	0	3
138	48	0	3.43560227	421.42613	416.047174	410.576491	421.42613	10.8496389	2.83318745	0	0	0	0	3
139	48	0	3.46049794	422.043092	416.593203	411.069447	422.043092	10.9736454	2.83318745	0	0	0	0	3
140	48	0	3.48539361	422.653757	417.144836	411.69456	422.653757	10.9591966	2.83318745	0	0	0	0	3
141	49	0	3.51028928	423.102221	417.688058	412.282765	423.102221	10.8194561	2.83318745	0	0	0	0	3
142	49	0	3.53518495	423.774556	418.235287	412.878325	423.774556	10.8962311	2.83318745	0	0	0	0	3
143	49	0	3.56008062	424.276977	418.77808	413.381628	424.276977	10.8953495	2.83318745	0	0	0	0	3
144	50	0	3.58497628	424.841104	419.323769	413.96428	424.841104	10.8768243	2.83318745	0	0	0	0	3
145	50	0	3.60987195	425.367936	419.8668	414.409464	425.367936	10.958472	2.83318745	0	0	0	0	3
146	50	0	3.63476762	425.855616	420.411855	414.947435	425.855616	10.9081818	2.83318745	0	0	0	0	3
147	50	0	3.65966329	426.332304	420.953992	415.500807	426.332304	10.8314973	2.83318745	0	0	0	0	3
148	51	0	3.68455896	427.057291	421.5043	416.084825	427.057291	10.9724667	2.83318745	0	0	0	0	3
149	51	0	3.70945463	427.448183	422.045413	416.555037	427.448183	10.8931455	2.83318745	0	0	0	0	3
150	51	0	3.7343503	427.987551	422.589818	417.172975	427.987551	10.8145757	2.83318745	0	0	0	0	3
151	52	0	3.75924596	428.5858	423.133286	417.66462	428.5858	10.9211798	2.83318745	0	0	0	0	3
152	52	0	3.78414163	429.132237	423.679363	418.189712	429.132237	10.9425249	2.83318745	0	0	0	0	3
153	52	0	3.8090373	429.471357	424.216584	418.760268	429.471357	10.7110884	2.83318745	0	0	0	0	3
154	52	0	3.83393297	430.015811	424.752562	419.340268	430.015811	10.6755428	2.83318745	0	0	0	0	3
155	53	0	3.85882864	430.500584	425.284006	419.814049	430.500584	10.6865349	2.83318745	0	0	0	0	3
156	53	0	3.88372431	430.956547	425.814601	420.386266	430.956547	10.5702814	2.83318745	0	0	0	0	3
157	53	0	3.90861998	431.448915	426.341394	420.891302	431.448915	10.5576132	2.83318745	0	0	0	0	3
158	54	0	3.93351565	431.88028	426.864679	421.42613	431.88028	10.4541498	2.83318745	0	0	0	0	3
159	54	0	3.95841131	432.265009	427.380816	422.043092	432.265009	10.2219165	2.83318745	0	0	0	0	3
160	54	0	3.98330698	432.727708	427.889607	422.653757	432.727708	10.0739515	2.83318745	0	0	0	0	3
161	54	0	4.00820265	433.138161	428.388864	423.102221	433.138161	10.0359399	2.83318745	0	0	0	0	3
