Iteration	CPUTime	PhysTime	Travels	Value	AvValue	MinValue	MaxValue	Delta	Criteria	PrevAvRefValue	Progress	CriteriaType	CriteriaVarType	CriteriaPercentage
1	2	0	0.0248956686	16.5572985	16.5572985	16.5572985	16.5572985	0	0	0	0	0	0	3
2	2	0	0.0497913373	41.2305485	28.8939235	16.5572985	41.2305485	12.336625	0	0	0	0	0	3
3	3	0	0.0746870059	71.1808818	42.9895763	16.5572985	71.1808818	26.4322778	0	0	0	0	0	3
4	3	0	0.0995826746	113.701108	60.6674593	16.5572985	113.701108	44.1101608	0	0	0	0	0	3
5	3	0	0.124478343	163.381702	81.2103078	16.5572985	163.381702	64.6530093	0	0	0	0	0	3
6	3	0	0.149374012	219.590361	104.27365	16.5572985	219.590361	87.7163515	0	0	0	0	0	3
7	4	0	0.17426968	274.517011	128.59413	16.5572985	274.517011	112.036832	0	0	0	0	0	3
8	5	0	0.199165349	337.6638	154.727839	16.5572985	337.6638	138.17054	0	0	0	0	0	3
9	5	0	0.224061018	404.57347	182.488465	16.5572985	404.57347	165.931166	0	0	0	0	0	3
10	6	0	0.248956686	462.44038	210.483656	16.5572985	462.44038	193.926358	0	0	0	0	0	3
11	6	0	0.273852355	604.237945	246.2795	16.5572985	604.237945	229.722202	0	0	0	0	0	3
12	6	0	0.298748024	626.333706	277.950684	16.5572985	626.333706	261.393386	0	0	0	0	0	3
13	7	0	0.323643692	633.22175	305.279228	16.5572985	633.22175	288.721929	0	0	0	0	0	3
14	7	0	0.348539361	629.470193	328.435725	16.5572985	633.22175	311.878427	0	0	0	0	0	3
15	8	0	0.37343503	630.716287	348.587763	16.5572985	633.22175	332.030464	0	0	0	0	0	3
16	9	0	0.398330698	628.8165	366.102059	16.5572985	633.22175	349.54476	0	0	0	0	0	3
17	9	0	0.423226367	628.345883	381.528166	16.5572985	633.22175	364.970868	0	0	0	0	0	3
18	9	0	0.448122036	627.027026	395.166992	16.5572985	633.22175	378.609693	0	0	0	0	0	3
19	9	0	0.473017704	628.086907	407.425935	16.5572985	633.22175	390.868636	0	0	0	0	0	3
20	10	0	0.497913373	626.062727	418.357774	16.5572985	633.22175	401.800476	0	0	0	0	0	3
21	10	0	0.522809041	623.525872	428.127684	16.5572985	633.22175	411.570385	0	0	0	0	0	3
22	11	0	0.54770471	622.590572	456.986411	41.2305485	633.22175	428.092487	0	0	0	0	0	3
23	11	0	0.572600379	619.766696	484.535751	71.1808818	633.22175	441.546175	0	0	0	0	0	3
24	11	0	0.597496047	616.616483	510.508875	113.701108	633.22175	449.841416	0	0	0	0	0	3
25	12	0	0.622391716	619.655807	534.601956	163.381702	633.22175	453.391648	0	0	0	0	0	3
26	13	0	0.647287385	617.789509	556.240423	219.590361	633.22175	413.631389	0	0	0	0	0	3
27	13	0	0.672183053	616.414034	575.136788	274.517011	633.22175	358.704738	0	0	0	0	0	3
28	14	0	0.697078722	616.53541	591.423379	337.6638	633.22175	295.55795	0	0	0	0	0	3
29	14	0	0.721974391	615.899596	604.672702	404.57347	633.22175	228.64828	0	0	0	0	0	3
30	14	0	0.746870059	612.693911	614.5832	462.44038	633.22175	170.78137	0	0	0	0	0	3
31	15	0	0.771765728	614.294345	621.814341	604.237945	633.22175	28.983805	0	0	0	0	0	3
32	16	0	0.796661396	612.617944	622.213388	612.617944	633.22175	20.6038059	0	0	0	0	0	3
33	16	0	0.821557065	610.298752	621.449819	610.298752	633.22175	22.9229973	0	0	0	0	0	3
34	17	0	0.846452734	610.823861	620.383253	610.298752	630.716287	20.4175352	0	0	0	0	0	3
35	17	0	0.871348402	608.889849	619.403237	608.889849	630.716287	21.8264385	0	0	0	0	0	3
36	17	0	0.896244071	604.840917	618.171076	604.840917	628.8165	23.9755823	0	0	0	0	0	3
37	18	0	0.92113974	604.892126	617.03182	604.840917	628.345883	23.5049651	0	0	0	0	0	3
38	18	0	0.946035408	602.686173	615.809929	602.686173	628.086907	25.4007341	0	0	0	0	0	3
39	18	0	0.970931077	599.459325	614.497182	599.459325	628.086907	28.6275814	0	0	0	0	0	3
40	19	0	0.995826746	602.050278	613.257342	599.459325	626.062727	26.6034021	0	0	0	0	0	3
41	20	0	1.02072241	596.109864	611.831015	596.109864	623.525872	27.4160078	35.7930106	0	0	0	0	3
42	20	0	1.04561808	594.265533	610.437666	594.265533	622.590572	28.3250388	35.7930106	0	0	0	0	3
43	20	0	1.07051375	593.731664	609.063432	593.731664	619.766696	26.0350313	35.7930106	0	0	0	0	3
44	20	0	1.09540942	591.022666	607.694669	591.022666	619.655807	28.6331411	35.7930106	0	0	0	0	3
45	21	0	1.12030509	586.205628	606.246533	586.205628	619.655807	33.4501789	35.7930106	0	0	0	0	3
46	21	0	1.14520076	588.167909	604.747109	586.205628	617.789509	31.5838811	35.7930106	0	0	0	0	3
47	21	0	1.17009643	584.453261	603.159669	584.453261	616.53541	32.0821495	35.7930106	0	0	0	0	3
48	22	0	1.19499209	581.004668	601.473509	581.004668	616.53541	30.7900096	35.7930106	0	0	0	0	3
49	22	0	1.21988776	582.743759	599.864382	581.004668	615.899596	22.349006	35.7930106	0	0	0	0	3
50	22	0	1.24478343	579.459272	598.129129	579.459272	614.294345	24.0842596	35.7930106	0	0	0	0	3
51	23	0	1.2696791	576.352147	596.398569	576.352147	614.294345	25.8148197	35.7930106	0	0	0	0	3
52	23	0	1.29457477	578.057992	594.673028	576.352147	612.617944	27.5403604	35.7930106	0	0	0	0	3
53	23	0	1.31947044	573.312829	592.801356	573.312829	610.823861	28.6484633	35.7930106	0	0	0	0	3
54	24	0	1.34436611	571.116395	590.935529	571.116395	610.823861	29.4477237	35.7930106	0	0	0	0	3
55	24	0	1.36926178	572.168567	589.094801	571.116395	608.889849	30.3084356	35.7930106	0	0	0	0	3
56	24	0	1.39415744	569.555413	587.221733	569.555413	604.892126	30.9493435	35.7930106	0	0	0	0	3
57	25	0	1.41905311	565.25024	585.336462	565.25024	604.892126	31.6953579	35.7930106	0	0	0	0	3
58	25	0	1.44394878	567.811469	583.570717	565.25024	602.686173	32.2392125	35.7930106	0	0	0	0	3
59	25	0	1.46884445	564.552341	581.75482	564.552341	602.050278	32.7423616	35.7930106	0	0	0	0	3
60	25	0	1.49374012	562.027964	579.972374	562.027964	602.050278	33.2849679	35.7930106	0	0	0	0	3
61	26	0	1.51863579	562.005646	578.065487	562.005646	596.109864	33.7655284	35.7930106	0	0	0	0	3
62	26	0	1.54353146	560.198531	576.355424	560.198531	594.265533	34.0670023	35.7930106	0	0	0	0	3
63	26	0	1.56842712	556.881007	574.575208	556.881007	593.731664	34.4882242	35.7930106	0	0	0	0	3
64	27	0	1.59332279	558.166949	572.88165	556.881007	591.022666	34.1416587	35.7930106	0	0	0	0	3
65	27	0	1.61821846	555.28625	571.179916	555.28625	588.167909	32.8816583	35.7930106	0	0	0	0	3
66	27	0	1.64311413	552.913385	569.594571	552.913385	588.167909	35.1525381	35.7930106	0	0	0	0	3
67	27	0	1.6680098	552.482528	567.895267	552.482528	584.453261	31.9707328	35.7930106	0	0	0	0	3
68	28	0	1.69290547	550.524449	566.27961	550.524449	582.743759	32.2193102	35.7930106	0	0	0	0	3
69	28	0	1.71780114	545.730604	564.599892	545.730604	582.743759	35.2644901	35.7930106	0	0	0	0	3
70	28	0	1.7426968	549.192057	563.002192	545.730604	579.459272	33.7286688	35.7930106	0	0	0	0	3
71	29	0	1.76759247	546.68388	561.441459	545.730604	578.057992	32.3273878	35.7930106	0	0	0	0	3
72	29	0	1.79248814	543.831226	559.892844	543.831226	578.057992	34.2267652	35.7930106	0	0	0	0	3
73	29	0	1.81738381	544.575069	558.298419	543.831226	573.312829	29.4816028	35.7930106	0	0	0	0	3
74	29	0	1.84227948	542.589013	556.83538	542.589013	572.168567	29.5795541	35.7930106	0	0	0	0	3
75	30	0	1.86717515	539.035394	555.307713	539.035394	572.168567	33.1331734	35.7930106	0	0	0	0	3
76	30	0	1.89207082	540.173742	553.78415	539.035394	569.555413	30.520019	35.7930106	0	0	0	0	3
77	30	0	1.91696649	537.419882	552.253887	537.419882	567.811469	30.3915865	35.7930106	0	0	0	0	3
78	31	0	1.94186215	534.882333	550.807796	534.882333	567.811469	32.7629207	35.7930106	0	0	0	0	3
79	31	0	1.96675782	536.345329	549.309408	534.882333	564.552341	29.6700088	35.7930106	0	0	0	0	3
80	31	0	1.99165349	533.839202	547.846878	533.839202	562.027964	28.1887622	35.7930106	0	0	0	0	3
81	31	0	2.01654916	530.976418	546.368233	530.976418	562.005646	31.0292273	35.7930106	0	0	0	0	3
82	32	0	2.04144483	531.641538	544.922323	530.976418	560.198531	29.2221128	35.7930106	0	0	0	0	3
83	32	0	2.0663405	529.323307	543.452074	529.323307	558.166949	28.8436417	35.7930106	0	0	0	0	3
84	32	0	2.09123617	526.275355	541.994662	526.275355	558.166949	30.8869879	35.7930106	0	0	0	0	3
85	33	0	2.11613183	526.824896	540.502184	526.275355	555.28625	29.0108956	35.7930106	0	0	0	0	3
86	33	0	2.1410275	524.342481	539.028671	524.342481	552.913385	28.570904	35.7930106	0	0	0	0	3
87	33	0	2.16592317	522.04917	537.558946	522.04917	552.482528	30.3363211	35.7930106	0	0	0	0	3
88	33	0	2.19081884	523.532311	536.180365	522.04917	550.524449	28.4752786	35.7930106	0	0	0	0	3
89	34	0	2.21571451	520.334188	534.742733	520.334188	549.192057	28.8578691	35.7930106	0	0	0	0	3
90	34	0	2.24061018	518.987175	533.469236	518.987175	549.192057	29.5329557	35.7930106	0	0	0	0	3
91	34	0	2.26550585	518.479041	532.006712	518.479041	546.68388	28.2048388	35.7930106	0	0	0	0	3
92	34	0	2.29040151	517.41427	530.612921	517.41427	544.575069	27.1607983	35.7930106	0	0	0	0	3
93	35	0	2.31529718	514.46702	529.214625	514.46702	544.575069	29.0837936	35.7930106	0	0	0	0	3
94	35	0	2.34019285	514.979052	527.805291	514.46702	542.589013	28.1219931	35.7930106	0	0	0	0	3
95	35	0	2.36508852	513.186585	526.405176	513.186585	540.173742	26.9871567	35.7930106	0	0	0	0	3
96	36	0	2.38998419	511.190591	525.079233	511.190591	540.173742	28.7049176	35.7930106	0	0	0	0	3
97	36	0	2.41487986	511.043989	523.692102	511.043989	537.419882	26.375893	35.7930106	0	0	0	0	3
98	36	0	2.43977553	509.236372	522.35003	509.236372	536.345329	27.1089561	35.7930106	0	0	0	0	3
99	36	0	2.4646712	507.365899	521.039723	507.365899	536.345329	28.2696851	35.7930106	0	0	0	0	3
100	37	0	2.48956686	507.359919	519.659466	507.359919	533.839202	26.4792832	35.7930106	0	0	0	0	3
101	37	0	2.51446253	505.668852	518.318021	505.668852	531.641538	25.9726858	35.7930106	0	0	0	0	3
102	37	0	2.5393582	502.267867	516.950947	502.267867	531.641538	27.9713765	35.7930106	0	0	0	0	3
103	38	0	2.56425387	503.730519	515.621851	502.267867	529.323307	27.0554402	35.7930106	0	0	0	0	3
104	38	0	2.58914954	501.21205	514.283219	501.21205	526.824896	25.6128463	35.7930106	0	0	0	0	3
105	38	0	2.61404521	498.929746	512.981047	498.929746	526.824896	27.5211363	35.7930106	0	0	0	0	3
106	39	0	2.63894088	499.537505	511.681648	498.929746	524.342481	25.4127359	35.7930106	0	0	0	0	3
107	39	0	2.66383654	497.469146	510.401965	497.469146	523.532311	26.0631647	35.7930106	0	0	0	0	3
108	39	0	2.68873221	494.804915	509.10462	494.804915	523.532311	27.0757449	35.7930106	0	0	0	0	3
109	39	0	2.71362788	495.592435	507.774149	494.804915	520.334188	25.529273	35.7930106	0	0	0	0	3
110	40	0	2.73852355	493.406726	506.491889	493.406726	518.987175	25.5804493	35.7930106	0	0	0	0	3
111	40	0	2.76341922	491.143395	505.165995	491.143395	518.479041	26.8407169	35.7930106	0	0	0	0	3
112	40	0	2.78831489	491.243002	503.869041	491.143395	517.41427	26.2708751	35.7930106	0	0	0	0	3
113	41	0	2.81321056	489.994431	502.563334	489.994431	514.979052	24.9846205	35.7930106	0	0	0	0	3
114	41	0	2.83810622	486.687745	501.240512	486.687745	514.979052	26.5647798	35.7930106	0	0	0	0	3
115	41	0	2.86300189	488.116498	499.961342	486.687745	513.186585	26.4438334	35.7930106	0	0	0	0	3
116	41	0	2.88789756	485.26057	498.631532	485.26057	511.190591	25.9300208	35.7930106	0	0	0	0	3
117	42	0	2.91279323	483.320205	497.304371	483.320205	511.043989	26.3877308	35.7930106	0	0	0	0	3
118	42	0	2.9376889	483.563633	495.995782	483.320205	509.236372	25.9161675	35.7930106	0	0	0	0	3
119	42	0	2.96258457	482.334033	494.714719	482.334033	507.365899	25.0318657	35.7930106	0	0	0	0	3
120	43	0	2.98748024	479.291945	493.377864	479.291945	507.359919	26.2816021	35.7930106	0	0	0	0	3
121	43	0	3.01237591	480.431819	492.095573	479.291945	505.668852	26.2224473	35.7930106	0	0	0	0	3
122	43	0	3.03727157	477.96913	490.776539	477.96913	503.730519	25.7613897	35.7930106	0	0	0	0	3
123	43	0	3.06216724	476.171142	489.533838	476.171142	503.730519	26.0880129	35.7930106	0	0	0	0	3
124	44	0	3.08706291	476.877759	488.255135	476.171142	501.21205	25.0409078	35.7930106	0	0	0	0	3
125	44	0	3.11195858	475.521095	487.031756	475.521095	499.537505	24.0164093	35.7930106	0	0	0	0	3
126	44	0	3.13685425	472.823926	485.788622	472.823926	499.537505	25.893026	35.7930106	0	0	0	0	3
127	45	0	3.16174992	473.636377	484.555235	472.823926	497.469146	24.6452207	35.7930106	0	0	0	0	3
128	45	0	3.18664559	470.986992	483.29418	470.986992	495.592435	24.6054435	35.7930106	0	0	0	0	3
129	45	0	3.21154125	469.453759	482.086982	469.453759	495.592435	25.6871676	35.7930106	0	0	0	0	3
130	45	0	3.23643692	469.591188	480.848827	469.453759	493.406726	23.9529671	35.7930106	0	0	0	0	3
131	46	0	3.26133259	467.95809	479.636987	467.95809	491.243002	23.284912	35.7930106	0	0	0	0	3
132	46	0	3.28622826	465.494508	478.415612	465.494508	491.243002	25.453429	35.7930106	0	0	0	0	3
133	46	0	3.31112393	466.248517	477.225398	465.494508	489.994431	24.4999237	35.7930106	0	0	0	0	3
134	47	0	3.3360196	463.824018	475.979188	463.824018	488.116498	24.2924801	35.7930106	0	0	0	0	3
135	47	0	3.36091527	462.023005	474.804677	462.023005	488.116498	25.1566658	35.7930106	0	0	0	0	3
136	47	0	3.38581094	462.579274	473.588618	462.023005	485.26057	23.2375655	35.7930106	0	0	0	0	3
137	48	0	3.4107066	460.59972	472.414292	460.59972	483.563633	22.9639132	35.7930106	0	0	0	0	3
138	48	0	3.43560227	458.055998	471.211235	458.055998	483.563633	24.7845479	35.7930106	0	0	0	0	3
139	48	0	3.46049794	458.562849	470.020721	458.055998	482.334033	24.2780353	35.7930106	0	0	0	0	3
140	48	0	3.48539361	456.0457	468.768896	456.0457	480.431819	24.3861184	35.7930106	0	0	0	0	3
141	49	0	3.51028928	454.408253	467.583958	454.408253	480.431819	24.5116153	35.7930106	0	0	0	0	3
142	49	0	3.53518495	454.333696	466.34119	454.333696	477.96913	23.6354336	35.7930106	0	0	0	0	3
143	49	0	3.56008062	452.56401	465.131423	452.56401	476.877759	24.3137495	35.7930106	0	0	0	0	3
144	50	0	3.58497628	449.967645	463.883637	449.967645	476.877759	24.3714978	35.7930106	0	0	0	0	3
145	50	0	3.60987195	451.351069	462.66808	449.967645	475.521095	24.3636757	35.7930106	0	0	0	0	3
146	50	0	3.63476762	449.278136	461.418416	449.278136	473.636377	24.3582405	35.7930106	0	0	0	0	3
147	50	0	3.65966329	447.102904	460.193605	447.102904	473.636377	24.3616297	35.7930106	0	0	0	0	3
148	51	0	3.68455896	446.13833	458.884174	446.13833	470.986992	24.4100055	35.7930106	0	0	0	0	3
149	51	0	3.70945463	445.760509	457.682913	445.760509	469.591188	23.8306784	35.7930106	0	0	0	0	3
150	51	0	3.7343503	442.519231	456.400317	442.519231	469.591188	24.4485106	35.7930106	0	0	0	0	3
151	52	0	3.75924596	443.003034	455.134214	442.519231	467.95809	24.5027733	35.7930106	0	0	0	0	3
152	52	0	3.78414163	441.076545	453.85414	441.076545	466.248517	24.5614713	35.7930106	0	0	0	0	3
153	52	0	3.8090373	440.198285	452.649558	440.198285	466.248517	24.5758398	35.7930106	0	0	0	0	3
154	52	0	3.83393297	440.271002	451.412534	440.198285	463.824018	23.6257327	35.7930106	0	0	0	0	3
155	53	0	3.85882864	438.056541	450.185511	438.056541	462.579274	24.5227329	35.7930106	0	0	0	0	3
156	53	0	3.88372431	435.997402	448.946197	435.997402	462.579274	24.6424215	35.7930106	0	0	0	0	3
157	53	0	3.90861998	436.940291	447.725293	435.997402	460.59972	24.6023175	35.7930106	0	0	0	0	3
158	54	0	3.93351565	435.09906	446.510976	435.09906	458.562849	23.4637891	35.7930106	0	0	0	0	3
159	54	0	3.95841131	433.38121	445.335986	433.38121	458.562849	24.6847353	35.7930106	0	0	0	0	3
160	54	0	3.98330698	433.914758	444.162267	433.38121	456.0457	22.6644907	35.7930106	0	0	0	0	3
161	54	0	4.00820265	432.143879	443.024085	432.143879	454.408253	22.2643738	35.7930106	0	0	0	0	3
