Iteration	CPUTime	PhysTime	Travels	Value	AvValue	MinValue	MaxValue	Delta	Criteria	PrevAvRefValue	Progress	CriteriaType	CriteriaVarType	CriteriaPercentage
1	9	0	0.0135874139	293.121171	293.121171	293.121171	293.121171	0	0	0	0	0	0	3
2	10	0	0.0271748278	293.117154	293.119162	293.117154	293.121171	0.00200827055	0	0	0	0	0	3
3	12	0	0.0407622417	293.114248	293.117524	293.114248	293.121171	0.00364627714	0	0	0	0	0	3
4	13	0	0.0543496556	293.118005	293.117644	293.114248	293.121171	0.00364627714	0	0	0	0	0	3
5	15	0	0.0679370695	293.120493	293.118214	293.114248	293.121171	0.00364627714	0	0	0	0	0	3
6	17	0	0.0815244834	293.12169	293.118793	293.114248	293.12169	0.00364627714	0	0	0	0	0	3
7	19	0	0.0951118973	293.118084	293.118692	293.114248	293.12169	0.00364627714	0	0	0	0	0	3
8	20	0	0.108699311	293.116525	293.118421	293.114248	293.12169	0.00364627714	0	0	0	0	0	3
9	22	0	0.122286725	293.109799	293.117463	293.109799	293.12169	0.00370733906	0	0	0	0	0	3
10	23	0	0.135874139	293.107427	293.11646	293.107427	293.12169	0.0047109997	0	0	0	0	0	3
11	25	0	0.149461553	293.102586	293.115198	293.102586	293.12169	0.00597224857	0	0	0	0	0	3
12	26	0	0.163048967	293.103873	293.114254	293.102586	293.12169	0.00691600792	0	0	0	0	0	3
13	27	0	0.176636381	293.099906	293.113151	293.099906	293.12169	0.00801977399	0	0	0	0	0	3
14	29	0	0.190223795	293.101098	293.11229	293.099906	293.12169	0.00888071899	0	0	0	0	0	3
15	30	0	0.203811208	293.099198	293.111417	293.099198	293.12169	0.00975350976	0	0	0	0	0	3
16	32	0	0.217398622	293.101902	293.110822	293.099198	293.12169	0.0103482034	0	0	0	0	0	3
17	33	0	0.230986036	293.099761	293.110172	293.099198	293.12169	0.0109988618	0	0	0	0	0	3
18	34	0	0.24457345	293.101494	293.10969	293.099198	293.12169	0.011480945	0	0	0	0	0	3
19	36	0	0.258160864	293.100121	293.109186	293.099198	293.12169	0.0119845733	0	0	0	0	0	3
20	37	0	0.271748278	293.102397	293.108846	293.099198	293.12169	0.0123240303	0	0	0	0	0	3
21	39	0	0.285335692	293.097428	293.108303	293.097428	293.12169	0.0128677755	0	0	0	0	0	3
22	40	0	0.298923106	293.102559	293.108042	293.097428	293.12169	0.0131288615	0	0	0	0	0	3
23	41	0	0.31251052	293.098518	293.107628	293.097428	293.12169	0.0135429148	0	0	0	0	0	3
24	42	0	0.326097934	293.101607	293.107377	293.097428	293.12169	0.013793788	0	0	0	0	0	3
25	44	0	0.339685347	293.09897	293.10704	293.097428	293.12169	0.0141300494	0	0	0	0	0	3
26	45	0	0.353272761	293.101809	293.106839	293.097428	293.12169	0.0143312563	0	0	0	0	0	3
27	46	0	0.366860175	293.098724	293.106539	293.097428	293.12169	0.0146318195	0	0	0	0	0	3
28	48	0	0.380447589	293.103672	293.106436	293.097428	293.12169	0.0147342131	0	0	0	0	0	3
29	49	0	0.394035003	293.097497	293.106128	293.097428	293.12169	0.015042448	0	0	0	0	0	3
30	51	0	0.407622417	293.103491	293.10604	293.097428	293.12169	0.015130344	0	0	0	0	0	3
31	52	0	0.421209831	293.099959	293.105844	293.097428	293.12169	0.0153265235	0	0	0	0	0	3
32	53	0	0.434797245	293.104716	293.105809	293.097428	293.12169	0.0153617699	0	0	0	0	0	3
33	55	0	0.448384659	293.098234	293.105579	293.097428	293.12169	0.0155913175	0	0	0	0	0	3
34	56	0	0.461972073	293.106739	293.105613	293.097428	293.12169	0.0155913175	0	0	0	0	0	3
35	57	0	0.475559486	293.101346	293.105491	293.097428	293.12169	0.0156791301	0	0	0	0	0	3
36	59	0	0.4891469	293.108528	293.105576	293.097428	293.12169	0.0156791301	0	0	0	0	0	3
37	60	0	0.502734314	293.10099	293.105452	293.097428	293.12169	0.0157187146	0	0	0	0	0	3
38	61	0	0.516321728	293.112959	293.10523	293.097428	293.12169	0.0139323789	0	0	0	0	0	3
39	62	0	0.529909142	293.101922	293.104818	293.097428	293.12169	0.0139752604	0	0	0	0	0	3
40	64	0	0.543496556	293.111241	293.104737	293.097428	293.12169	0.0140565496	0	0	0	0	0	3
41	65	0	0.55708397	293.102412	293.104315	293.097428	293.12169	0.0144779763	0	0	0	0	0	3
42	66	0	0.570671384	293.111863	293.104082	293.097428	293.12169	0.0147112161	0	0	0	0	0	3
43	67	0	0.584258798	293.104364	293.103614	293.097428	293.118084	0.0150781497	0	0	0	0	0	3
44	69	0	0.597846212	293.112746	293.10347	293.097428	293.116525	0.0149515715	0	0	0	0	0	3
45	70	0	0.611433625	293.109501	293.10328	293.097428	293.112959	0.0141833273	0	0	0	0	0	3
46	71	0	0.625021039	293.113072	293.103368	293.097428	293.113072	0.0131796667	0	0	0	0	0	3
47	73	0	0.638608453	293.105813	293.103325	293.097428	293.113072	0.0119184178	0	0	0	0	0	3
48	74	0	0.652195867	293.116776	293.103708	293.097428	293.116776	0.0109746584	0	0	0	0	0	3
49	75	0	0.665783281	293.1044	293.103722	293.097428	293.116776	0.00987089237	0	0	0	0	0	3
50	77	0	0.679370695	293.117551	293.104199	293.097428	293.117551	0.00900994737	0	0	0	0	0	3
51	78	0	0.692958109	293.104179	293.104283	293.097428	293.117551	0.0081371566	0	0	0	0	0	3
52	79	0	0.706545523	293.113049	293.104657	293.097428	293.117551	0.00754246296	0	0	0	0	0	3
53	80	0	0.720132937	293.110392	293.104886	293.097428	293.117551	0.00689180461	0	0	0	0	0	3
54	82	0	0.733720351	293.117892	293.105376	293.097428	293.117892	0.00640972136	0	0	0	0	0	3
55	83	0	0.747307764	293.104858	293.105467	293.097428	293.117892	0.00590609304	0	0	0	0	0	3
56	84	0	0.760895178	293.112655	293.105806	293.097428	293.117892	0.00556663611	0	0	0	0	0	3
57	86	0	0.774482592	293.109851	293.106008	293.097428	293.117892	0.00502289088	0	0	0	0	0	3
58	87	0	0.788070006	293.11781	293.106559	293.097497	293.117892	0.00476180485	0	0	0	0	0	3
59	88	0	0.80165742	293.104781	293.106619	293.097497	293.117892	0.00434775152	0	0	0	0	0	3
60	90	0	0.815244834	293.113047	293.107011	293.097497	293.117892	0.00409687836	0	0	0	0	0	3
61	91	0	0.828832248	293.109707	293.10723	293.097497	293.117892	0.00395033878	0	0	0	0	0	3
62	92	0	0.842419662	293.117479	293.10773	293.097497	293.117892	0.00445058265	0	0	0	0	0	3
63	93	0	0.856007076	293.104498	293.107803	293.097497	293.117892	0.00452326831	0	0	0	0	0	3
64	95	0	0.869594489	293.117139	293.108301	293.097497	293.117892	0.00502097882	0	0	0	0	0	3
65	96	0	0.883181903	293.103436	293.108294	293.097497	293.117892	0.00502097882	0	0	0	0	0	3
66	97	0	0.896769317	293.117345	293.108831	293.098234	293.117892	0.00555105255	0	0	0	0	0	3
67	99	0	0.910356731	293.104623	293.108861	293.098234	293.117892	0.00558163643	0	0	0	0	0	3
68	100	0	0.923944145	293.117974	293.109348	293.098234	293.117974	0.00606854015	0	0	0	0	0	3
69	101	0	0.937531559	293.105407	293.109367	293.098234	293.117974	0.00608721467	0	0	0	0	0	3
70	103	0	0.951118973	293.118664	293.109919	293.10099	293.118664	0.00663938011	0	0	0	0	0	3
71	104	0	0.964706387	293.104736	293.109865	293.10099	293.118664	0.00663938011	0	0	0	0	0	3
72	105	0	0.978293801	293.118425	293.110327	293.10099	293.118664	0.00704684967	0	0	0	0	0	3
73	106	0	0.991881215	293.105579	293.110247	293.10099	293.118664	0.00704684967	0	0	0	0	0	3
74	108	0	1.00546863	293.119185	293.110739	293.101922	293.119185	0.00745892318	0.000727864694	0	9.7	0	0	3
75	109	0	1.01905604	293.104967	293.110523	293.101922	293.119185	0.00745892318	0.000727864694	0	9.7	0	0	3
76	110	0	1.03264346	293.118679	293.110976	293.102412	293.119185	0.00769580542	0.000727864694	0	9.4	0	0	3
77	112	0	1.04623087	293.105474	293.11082	293.102412	293.119185	0.00769580542	0.000727864694	0	9.4	0	0	3
78	113	0	1.05981828	293.119604	293.111284	293.103436	293.119604	0.00800459925	0.000727864694	0	9	0	0	3
79	114	0	1.0734057	293.106089	293.111128	293.103436	293.119604	0.00800459925	0.000727864694	0	9	0	0	3
80	116	0	1.08699311	293.119674	293.111542	293.103436	293.119674	0.00826234557	0.000727864694	0	8.8	0	0	3
81	117	0	1.10058053	293.105159	293.111337	293.103436	293.119674	0.00826234557	0.000727864694	0	8.8	0	0	3
82	118	0	1.11416794	293.118835	293.111589	293.103436	293.119674	0.00826467419	0.000727864694	0	8.8	0	0	3
83	119	0	1.12775535	293.105719	293.111391	293.103436	293.119674	0.00826467419	0.000727864694	0	8.8	0	0	3
84	121	0	1.14134277	293.119425	293.111759	293.103436	293.119674	0.00805032122	0.000727864694	0	9	0	0	3
85	122	0	1.15493018	293.105552	293.111455	293.103436	293.119674	0.00803609375	0.000727864694	0	9	0	0	3
86	123	0	1.1685176	293.119264	293.111857	293.103436	293.119674	0.00765755961	0.000727864694	0	9.5	0	0	3
87	125	0	1.18210501	293.107146	293.111576	293.103436	293.119674	0.00757426855	0.000727864694	0	9.6	0	0	3
88	126	0	1.19569242	293.120525	293.112017	293.103436	293.120525	0.00736046818	0.000727864694	0	9.8	0	0	3
89	127	0	1.20927984	293.106178	293.111832	293.103436	293.120525	0.0071310176	0.000727864694	0	10.2	0	0	3
90	128	0	1.22286725	293.119695	293.112083	293.103436	293.120525	0.00670674456	0.000727864694	0	10.8	0	0	3
91	130	0	1.23645466	293.107146	293.111793	293.103436	293.120525	0.00661583296	0.000727864694	0	11	0	0	3
92	131	0	1.25004208	293.120473	293.112215	293.103436	293.120525	0.00640867773	0.000727864694	0	11.3	0	0	3
93	132	0	1.26362949	293.105995	293.112035	293.103436	293.120525	0.00620720537	0.000727864694	0	11.7	0	0	3
94	134	0	1.27721691	293.120327	293.112318	293.103436	293.120525	0.00575943671	0.000727864694	0	12.6	0	0	3
95	135	0	1.29080432	293.10633	293.112008	293.103436	293.120525	0.00569937951	0.000727864694	0	12.7	0	0	3
96	136	0	1.30439173	293.120702	293.112438	293.103436	293.120702	0.00542675246	0.000727864694	0	13.4	0	0	3
97	137	0	1.31797915	293.106077	293.11225	293.103436	293.120702	0.00520782126	0.000727864694	0	13.9	0	0	3
98	139	0	1.33156656	293.119867	293.112524	293.103436	293.120702	0.00479379088	0.000727864694	0	15.1	0	0	3
99	140	0	1.34515398	293.113956	293.112429	293.103436	293.120702	0.00472110523	0.000727864694	0	15.4	0	0	3
100	141	0	1.35874139	293.116356	293.112749	293.103436	293.120702	0.00445498718	0.000727864694	0	16.3	0	0	3
101	143	0	1.3723288	293.108248	293.112509	293.103436	293.120702	0.00445498718	0.000727864694	0	16.3	0	0	3
102	145	0	1.38591622	293.120248	293.112964	293.104623	293.120702	0.0041326258	0.000727864694	0	17.6	0	0	3
103	146	0	1.39950363	293.114099	293.112876	293.104623	293.120702	0.00410204192	0.000727864694	0	17.7	0	0	3
104	147	0	1.41309105	293.121424	293.11333	293.104736	293.121424	0.00398147862	0.000727864694	0	18.2	0	0	3
105	149	0	1.42667846	293.107027	293.113034	293.104736	293.121424	0.0039628041	0.000727864694	0	18.3	0	0	3
106	150	0	1.44026587	293.115313	293.113302	293.104736	293.121424	0.00346476316	0.000727864694	0	21	0	0	3
107	151	0	1.45385329	293.11343	293.11316	293.104736	293.121424	0.00346476316	0.000727864694	0	21	0	0	3
108	153	0	1.4674407	293.1205	293.113586	293.104967	293.121424	0.00333929362	0.000727864694	0	21.7	0	0	3
109	154	0	1.48102811	293.113945	293.113465	293.104967	293.121424	0.00333929362	0.000727864694	0	21.7	0	0	3
110	155	0	1.49461553	293.114692	293.113711	293.104967	293.121424	0.00318873439	0.000727864694	0	22.8	0	0	3
111	157	0	1.50820294	293.108063	293.113411	293.104967	293.121424	0.00318873439	0.000727864694	0	22.8	0	0	3
112	158	0	1.52179036	293.119805	293.113812	293.105159	293.121424	0.00299212195	0.000727864694	0	24.3	0	0	3
113	160	0	1.53537777	293.113849	293.113681	293.105159	293.121424	0.00299212195	0.000727864694	0	24.3	0	0	3
114	161	0	1.54896518	293.120865	293.114097	293.105159	293.121424	0.00296896515	0.000727864694	0	24.5	0	0	3
115	162	0	1.5625526	293.106368	293.11374	293.105159	293.121424	0.00296896515	0.000727864694	0	24.5	0	0	3
116	164	0	1.57614001	293.120794	293.114137	293.105159	293.121424	0.00279990975	0.000727864694	0	25.9	0	0	3
117	165	0	1.58972743	293.106326	293.113776	293.105159	293.121424	0.00279990975	0.000727864694	0	25.9	0	0	3
118	167	0	1.60331484	293.120596	293.114194	293.105552	293.121424	0.00280286559	0.000727864694	0	25.9	0	0	3
119	168	0	1.61690225	293.10727	293.113881	293.105552	293.121424	0.00280286559	0.000727864694	0	25.9	0	0	3
120	169	0	1.63048967	293.121145	293.114298	293.105552	293.121424	0.00284266931	0.000727864694	0	25.6	0	0	3
121	171	0	1.64407708	293.11353	293.114139	293.105552	293.121424	0.00284266931	0.000727864694	0	25.6	0	0	3
122	172	0	1.6576645	293.116286	293.114429	293.105995	293.121424	0.0028529379	0.000727864694	0	25.5	0	0	3
123	174	0	1.67125191	293.109377	293.114161	293.105995	293.121424	0.0028529379	0.000727864694	0	25.5	0	0	3
124	175	0	1.68483932	293.121255	293.114543	293.105995	293.121424	0.00274993574	0.000727864694	0	26.4	0	0	3
125	177	0	1.69842674	293.114916	293.114391	293.105995	293.121424	0.00274993574	0.000727864694	0	26.4	0	0	3
126	178	0	1.71201415	293.122241	293.114825	293.105995	293.122241	0.0030324486	0.000727864694	0	24	0	0	3
127	180	0	1.72560157	293.109815	293.114558	293.105995	293.122241	0.0030324486	0.000727864694	0	24	0	0	3
128	181	0	1.73918898	293.118697	293.11487	293.105995	293.122241	0.00286270861	0.000727864694	0	25.4	0	0	3
129	183	0	1.75277639	293.114888	293.114719	293.105995	293.122241	0.00286270861	0.000727864694	0	25.4	0	0	3
130	184	0	1.76636381	293.123253	293.115186	293.106077	293.123253	0.0031781851	0.000727864694	0	22.9	0	0	3
131	186	0	1.77995122	293.110233	293.114913	293.106077	293.123253	0.0031781851	0.000727864694	0	22.9	0	0	3
132	188	0	1.79353863	293.123491	293.115377	293.106077	293.123491	0.00312726165	0.000727864694	0	23.2	0	0	3
133	189	0	1.80712605	293.108925	293.115059	293.106077	293.123491	0.00312726165	0.000727864694	0	23.2	0	0	3
134	191	0	1.82071346	293.122807	293.115511	293.106326	293.123491	0.00308174	0.000727864694	0	23.6	0	0	3
135	193	0	1.83430088	293.109183	293.115222	293.106326	293.123491	0.00308174	0.000727864694	0	23.6	0	0	3
136	194	0	1.84788829	293.122604	293.115456	293.106326	293.123491	0.00300157387	0.000727864694	0	24.2	0	0	3
137	196	0	1.8614757	293.108433	293.115242	293.106326	293.123491	0.00300157387	0.000727864694	0	24.2	0	0	3
138	197	0	1.87506312	293.122128	293.115617	293.106326	293.123491	0.00274092035	0.000727864694	0	26.5	0	0	3
139	199	0	1.88865053	293.109057	293.115314	293.106326	293.123491	0.00274092035	0.000727864694	0	26.5	0	0	3
140	200	0	1.90223795	293.122513	293.115542	293.106326	293.123491	0.00258271247	0.000727864694	0	28.1	0	0	3
141	201	0	1.91582536	293.108448	293.115191	293.106326	293.123491	0.00258271247	0.000727864694	0	28.1	0	0	3
142	203	0	1.92941277	293.122348	293.115605	293.106326	293.123491	0.0024564388	0.000727864694	0	29.6	0	0	3
143	204	0	1.94300019	293.108927	293.115432	293.106326	293.123491	0.0024564388	0.000727864694	0	29.6	0	0	3
144	206	0	1.9565876	293.12262	293.115681	293.106326	293.123491	0.00226992839	0.000727864694	0	32	0	0	3
145	207	0	1.97017502	293.108716	293.115362	293.106326	293.123491	0.00226992839	0.000727864694	0	32	0	0	3
146	209	0	1.98376243	293.122514	293.115594	293.106326	293.123491	0.00226992839	0.000727864694	0	32	0	0	3
147	210	0	1.99734984	293.109711	293.115459	293.106326	293.123491	0.00226992839	0.000727864694	0	32	0	0	3
148	212	0	2.01093726	293.123124	293.115866	293.106326	293.123491	0.00218499715	0.000727864694	0	33.3	0	0	3
149	213	0	2.02452467	293.109197	293.11558	293.106326	293.123491	0.00218499715	0.000727864694	0	33.3	0	0	3
150	214	0	2.03811208	293.123201	293.115832	293.106326	293.123491	0.00212676418	0.000727864694	0	34.2	0	0	3
151	216	0	2.0516995	293.109124	293.115515	293.106326	293.123491	0.00212676418	0.000727864694	0	34.2	0	0	3
152	217	0	2.06528691	293.124155	293.115996	293.106326	293.124155	0.0022195618	0.000727864694	0	32.7	0	0	3
153	219	0	2.07887433	293.110731	293.115724	293.106326	293.124155	0.0022195618	0.000727864694	0	32.7	0	0	3
154	220	0	2.09246174	293.124335	293.116211	293.10727	293.124335	0.0023296453	0.000727864694	0	31.2	0	0	3
155	222	0	2.10604915	293.109335	293.115906	293.10727	293.124335	0.0023296453	0.000727864694	0	31.2	0	0	3
156	223	0	2.11963657	293.123813	293.116353	293.108433	293.124335	0.00221484255	0.000727864694	0	32.8	0	0	3
157	224	0	2.13322398	293.11114	293.116083	293.108433	293.124335	0.00221484255	0.000727864694	0	32.8	0	0	3
158	226	0	2.1468114	293.125081	293.116395	293.108433	293.125081	0.00223372605	0.000727864694	0	32.5	0	0	3
159	227	0	2.16039881	293.109723	293.116218	293.108433	293.125081	0.00223372605	0.000727864694	0	32.5	0	0	3
160	229	0	2.17398622	293.124813	293.116635	293.108433	293.125081	0.00224382405	0.000727864694	0	32.4	0	0	3
161	230	0	2.18757364	293.10989	293.116328	293.108433	293.125081	0.00224382405	0.000727864694	0	32.4	0	0	3
162	232	0	2.20116105	293.125149	293.116604	293.108433	293.125149	0.00207675069	0.000727864694	0	35	0	0	3
163	233	0	2.21474847	293.110931	293.116299	293.108433	293.125149	0.00207675069	0.000727864694	0	35	0	0	3
164	235	0	2.22833588	293.124477	293.116695	293.108433	293.125149	0.00197557318	0.000727864694	0	36.8	0	0	3
165	236	0	2.24192329	293.109712	293.116452	293.108433	293.125149	0.00197557318	0.000727864694	0	36.8	0	0	3
166	237	0	2.25551071	293.123988	293.116698	293.108433	293.125149	0.00178508485	0.000727864694	0	40.7	0	0	3
167	239	0	2.26909812	293.110977	293.116366	293.108433	293.125149	0.00178508485	0.000727864694	0	40.7	0	0	3
168	241	0	2.28268553	293.124703	293.116757	293.108433	293.125149	0.0016989146	0.000727864694	0	42.8	0	0	3
169	243	0	2.29627295	293.10934	293.116375	293.108433	293.125149	0.0016989146	0.000727864694	0	42.8	0	0	3
170	244	0	2.30986036	293.12427	293.11679	293.108433	293.125149	0.00159879446	0.000727864694	0	45.5	0	0	3
171	246	0	2.32344778	293.110292	293.116451	293.108433	293.125149	0.00159879446	0.000727864694	0	45.5	0	0	3
172	247	0	2.33703519	293.124752	293.116872	293.108433	293.125149	0.00168133716	0.000727864694	0	43.2	0	0	3
173	249	0	2.3506226	293.116291	293.116702	293.108433	293.125149	0.00168133716	0.000727864694	0	43.2	0	0	3
174	250	0	2.36421002	293.118555	293.116975	293.108448	293.125149	0.00178427115	0.000727864694	0	40.7	0	0	3
175	251	0	2.37779743	293.11251	293.116715	293.108448	293.125149	0.00178427115	0.000727864694	0	40.7	0	0	3
176	253	0	2.39138485	293.124027	293.11712	293.108448	293.125149	0.00192893041	0.000727864694	0	37.7	0	0	3
177	254	0	2.40497226	293.116824	293.116966	293.108448	293.125149	0.00192893041	0.000727864694	0	37.7	0	0	3
178	256	0	2.41855967	293.125026	293.117414	293.108716	293.125149	0.00205182529	0.000727864694	0	35.4	0	0	3
179	257	0	2.43214709	293.120467	293.117363	293.108716	293.125149	0.00205182529	0.000727864694	0	35.4	0	0	3
180	259	0	2.4457345	293.119628	293.117653	293.108716	293.125149	0.00229019919	0.000727864694	0	31.7	0	0	3
181	260	0	2.45932192	293.111409	293.11735	293.108716	293.125149	0.00229019919	0.000727864694	0	31.7	0	0	3
182	261	0	2.47290933	293.122924	293.117734	293.109124	293.125149	0.00227423132	0.000727864694	0	32	0	0	3
183	263	0	2.48649674	293.111331	293.117431	293.109124	293.125149	0.00227423132	0.000727864694	0	32	0	0	3
184	264	0	2.50008416	293.124459	293.11783	293.109124	293.125149	0.00231478955	0.000727864694	0	31.4	0	0	3
185	266	0	2.51367157	293.111315	293.117511	293.109124	293.125149	0.00231478955	0.000727864694	0	31.4	0	0	3
186	267	0	2.52725899	293.12475	293.117931	293.109124	293.125149	0.00241595451	0.000727864694	0	30.1	0	0	3
187	268	0	2.5408464	293.111793	293.117623	293.109124	293.125149	0.00241595451	0.000727864694	0	30.1	0	0	3
188	270	0	2.55443381	293.125482	293.118065	293.109335	293.125482	0.00234098335	0.000727864694	0	31	0	0	3
189	271	0	2.56802123	293.112117	293.11774	293.109335	293.125482	0.00234098335	0.000727864694	0	31	0	0	3
190	273	0	2.58160864	293.125585	293.118141	293.109335	293.125585	0.0022347114	0.000727864694	0	32.5	0	0	3
191	274	0	2.59519605	293.113464	293.117847	293.109335	293.125585	0.0022347114	0.000727864694	0	32.5	0	0	3
192	276	0	2.60878347	293.126908	293.118322	293.10934	293.126908	0.00223913484	0.000727864694	0	32.5	0	0	3
193	277	0	2.62237088	293.112413	293.118014	293.10934	293.126908	0.00223913484	0.000727864694	0	32.5	0	0	3
194	279	0	2.6359583	293.126915	293.11844	293.10934	293.126915	0.00222256748	0.000727864694	0	32.7	0	0	3
195	280	0	2.64954571	293.113504	293.118127	293.10934	293.126915	0.00222256748	0.000727864694	0	32.7	0	0	3
196	281	0	2.66313312	293.126567	293.118583	293.10934	293.126915	0.00228397359	0.000727864694	0	31.8	0	0	3
197	283	0	2.67672054	293.112317	293.118245	293.10934	293.126915	0.00228397359	0.000727864694	0	31.8	0	0	3
198	284	0	2.69030795	293.125603	293.11867	293.10934	293.126915	0.00237088589	0.000727864694	0	30.7	0	0	3
199	286	0	2.70389537	293.112697	293.118333	293.10934	293.126915	0.00237088589	0.000727864694	0	30.7	0	0	3
200	287	0	2.71748278	293.126025	293.118741	293.10934	293.126915	0.00237462022	0.000727864694	0	30.6	0	0	3
201	289	0	2.73107019	293.11192	293.118402	293.10934	293.126915	0.00237462022	0.000727864694	0	30.6	0	0	3
202	291	0	2.74465761	293.12562	293.118832	293.10934	293.126915	0.00246518658	0.000727864694	0	29.5	0	0	3
203	292	0	2.75824502	293.112771	293.118528	293.10934	293.126915	0.00246518658	0.000727864694	0	29.5	0	0	3
204	294	0	2.77183244	293.125605	293.118924	293.10934	293.126915	0.00254873765	0.000727864694	0	28.5	0	0	3
205	296	0	2.78541985	293.111161	293.118558	293.10934	293.126915	0.00254873765	0.000727864694	0	28.5	0	0	3
206	297	0	2.79900726	293.125187	293.118986	293.110292	293.126915	0.00253455536	0.000727864694	0	28.7	0	0	3
207	299	0	2.81259468	293.112169	293.118659	293.110292	293.126915	0.00253455536	0.000727864694	0	28.7	0	0	3
208	301	0	2.82618209	293.125384	293.119067	293.111161	293.126915	0.00236523611	0.000727864694	0	30.7	0	0	3
209	302	0	2.8397695	293.111077	293.118697	293.111077	293.126915	0.00236523611	0.000727864694	0	30.7	0	0	3
210	304	0	2.85335692	293.125319	293.118941	293.111077	293.126915	0.00235159962	0.000727864694	0	30.9	0	0	3
211	305	0	2.86694433	293.112405	293.118775	293.111077	293.126915	0.00235159962	0.000727864694	0	30.9	0	0	3
212	307	0	2.88053175	293.125452	293.119125	293.111077	293.126915	0.00215875918	0.000727864694	0	33.7	0	0	3
213	308	0	2.89411916	293.117313	293.118943	293.111077	293.126915	0.00215875918	0.000727864694	0	33.7	0	0	3
214	310	0	2.90770657	293.119599	293.119018	293.111077	293.126915	0.00177530877	0.000727864694	0	40.9	0	0	3
215	311	0	2.92129399	293.113315	293.118702	293.111077	293.126915	0.00177530877	0.000727864694	0	40.9	0	0	3
216	312	0	2.9348814	293.124935	293.118823	293.111077	293.126915	0.00177530877	0.000727864694	0	40.9	0	0	3
217	314	0	2.94846882	293.118018	293.118779	293.111077	293.126915	0.00177530877	0.000727864694	0	40.9	0	0	3
218	315	0	2.96205623	293.126289	293.119181	293.111077	293.126915	0.0017499881	0.000727864694	0	41.5	0	0	3
219	317	0	2.97564364	293.112408	293.118897	293.111077	293.126915	0.0017499881	0.000727864694	0	41.5	0	0	3
220	318	0	2.98923106	293.126294	293.119301	293.111077	293.126915	0.00179074489	0.000727864694	0	40.6	0	0	3
221	320	0	3.00281847	293.111439	293.11895	293.111077	293.126915	0.00179074489	0.000727864694	0	40.6	0	0	3
222	321	0	3.01640589	293.125903	293.119344	293.111077	293.126915	0.00172109757	0.000727864694	0	42.2	0	0	3
223	322	0	3.0299933	293.112584	293.119015	293.111077	293.126915	0.00172109757	0.000727864694	0	42.2	0	0	3
224	324	0	3.04358071	293.126484	293.119412	293.111077	293.126915	0.00167257151	0.000727864694	0	43.5	0	0	3
225	325	0	3.05716813	293.113092	293.119077	293.111077	293.126915	0.00167257151	0.000727864694	0	43.5	0	0	3
226	327	0	3.07075554	293.126288	293.11946	293.111077	293.126915	0.00161306872	0.000727864694	0	45.1	0	0	3
227	328	0	3.08434295	293.111983	293.119093	293.111077	293.126915	0.00161306872	0.000727864694	0	45.1	0	0	3
228	330	0	3.09793037	293.126122	293.119435	293.111077	293.126915	0.00144624916	0.000727864694	0	50.3	0	0	3
229	331	0	3.11151778	293.113269	293.119066	293.111077	293.126915	0.00144624916	0.000727864694	0	50.3	0	0	3
230	332	0	3.1251052	293.126899	293.119458	293.111077	293.126915	0.00133278064	0.000727864694	0	54.6	0	0	3
231	334	0	3.13869261	293.112371	293.119065	293.111077	293.126899	0.00133278064	0.000727864694	0	54.6	0	0	3
232	335	0	3.15228002	293.12655	293.119417	293.111077	293.126899	0.00121526261	0.000727864694	0	59.8	0	0	3
233	337	0	3.16586744	293.112136	293.119027	293.111077	293.126899	0.00121526261	0.000727864694	0	59.8	0	0	3
234	338	0	3.17945485	293.126539	293.119411	293.111077	293.126899	0.00112716552	0.000727864694	0	64.5	0	0	3
235	340	0	3.19304227	293.11355	293.119086	293.111077	293.126899	0.00112716552	0.000727864694	0	64.5	0	0	3
236	341	0	3.20662968	293.126447	293.119457	293.111077	293.126899	0.00105858905	0.000727864694	0	68.7	0	0	3
237	342	0	3.22021709	293.111711	293.119071	293.111077	293.126899	0.00105858905	0.000727864694	0	68.7	0	0	3
238	344	0	3.23380451	293.126253	293.119458	293.111077	293.126899	0.000931843428	0.000727864694	0	78.1	0	0	3
239	345	0	3.24739192	293.113771	293.119138	293.111077	293.126899	0.000931843428	0.000727864694	0	78.1	0	0	3
240	347	0	3.26097934	293.127534	293.119537	293.111077	293.127534	0.00097891541	0.000727864694	0	74.3	0	0	3
241	348	0	3.27456675	293.112626	293.119186	293.111077	293.127534	0.00097891541	0.000727864694	0	74.3	0	0	3
242	350	0	3.28815416	293.126249	293.119594	293.111077	293.127534	0.000934631145	0.000727864694	0	77.8	0	0	3
243	351	0	3.30174158	293.113957	293.11929	293.111077	293.127534	0.000934631145	0.000727864694	0	77.8	0	0	3
244	352	0	3.31532899	293.126961	293.11969	293.111077	293.127534	0.000992588763	0.000727864694	0	73.3	0	0	3
245	354	0	3.32891641	293.112303	293.119336	293.111077	293.127534	0.000992588763	0.000727864694	0	73.3	0	0	3
246	355	0	3.34250382	293.126726	293.119759	293.111439	293.127534	0.00105742094	0.000727864694	0	68.8	0	0	3
247	357	0	3.35609123	293.11353	293.119441	293.111439	293.127534	0.00105742094	0.000727864694	0	68.8	0	0	3
248	358	0	3.36967865	293.126988	293.119835	293.111439	293.127534	0.00113293614	0.000727864694	0	64.2	0	0	3
249	360	0	3.38326606	293.112017	293.119472	293.111439	293.127534	0.00113293614	0.000727864694	0	64.2	0	0	3
250	361	0	3.39685347	293.126691	293.119725	293.111439	293.127534	0.00113293614	0.000727864694	0	64.2	0	0	3
251	363	0	3.41044089	293.112853	293.119543	293.111439	293.127534	0.00113293614	0.000727864694	0	64.2	0	0	3
252	364	0	3.4240283	293.127014	293.119913	293.111439	293.127534	0.0011339397	0.000727864694	0	64.1	0	0	3
253	366	0	3.43761572	293.112229	293.11957	293.111439	293.127534	0.0011339397	0.000727864694	0	64.1	0	0	3
254	367	0	3.45120313	293.12613	293.119789	293.111439	293.127534	0.00101600203	0.000727864694	0	71.6	0	0	3
255	369	0	3.46479054	293.112442	293.119415	293.111439	293.127534	0.00101600203	0.000727864694	0	71.6	0	0	3
256	371	0	3.47837796	293.12657	293.119797	293.111439	293.127534	0.000963509213	0.000727864694	0	75.5	0	0	3
257	372	0	3.49196537	293.112924	293.119436	293.111439	293.127534	0.000963509213	0.000727864694	0	75.5	0	0	3
258	373	0	3.50555279	293.126434	293.119841	293.111711	293.127534	0.000898045225	0.000727864694	0	81	0	0	3
259	375	0	3.5191402	293.111371	293.119449	293.111371	293.127534	0.000898045225	0.000727864694	0	81	0	0	3
260	376	0	3.53272761	293.125842	293.119807	293.111371	293.127534	0.000885988811	0.000727864694	0	82.1	0	0	3
261	378	0	3.54631503	293.112678	293.119434	293.111371	293.127534	0.000885988811	0.000727864694	0	82.1	0	0	3
262	379	0	3.55990244	293.12677	293.119803	293.111371	293.127534	0.000885988811	0.000727864694	0	82.1	0	0	3
263	381	0	3.57348986	293.112049	293.119419	293.111371	293.127534	0.000885988811	0.000727864694	0	82.1	0	0	3
264	382	0	3.58707727	293.126115	293.119801	293.111371	293.127534	0.000885988811	0.000727864694	0	82.1	0	0	3
265	384	0	3.60066468	293.113066	293.119448	293.111371	293.127534	0.000885988811	0.000727864694	0	82.1	0	0	3
266	385	0	3.6142521	293.12641	293.119803	293.111371	293.127534	0.000885988811	0.000727864694	0	82.1	0	0	3
267	386	0	3.62783951	293.111848	293.119396	293.111371	293.127534	0.000885988811	0.000727864694	0	82.1	0	0	3
268	388	0	3.64142692	293.126171	293.119769	293.111371	293.127534	0.000885988811	0.000727864694	0	82.1	0	0	3
269	389	0	3.65501434	293.11313	293.119406	293.111371	293.127534	0.000885988811	0.000727864694	0	82.1	0	0	3
270	391	0	3.66860175	293.126847	293.119804	293.111371	293.127534	0.000842583061	0.000727864694	0	86.3	0	0	3
271	392	0	3.68218917	293.112385	293.119421	293.111371	293.127534	0.000842583061	0.000727864694	0	86.3	0	0	3
272	394	0	3.69577658	293.126264	293.119765	293.111371	293.127534	0.000842583061	0.000727864694	0	86.3	0	0	3
273	395	0	3.70936399	293.113338	293.119411	293.111371	293.127534	0.000842583061	0.000727864694	0	86.3	0	0	3
274	397	0	3.72295141	293.126644	293.119814	293.111371	293.127534	0.000775448923	0.000727864694	0	93.8	0	0	3
275	398	0	3.73653882	293.111357	293.119412	293.111357	293.127534	0.000775448923	0.000727864694	0	93.8	0	0	3
276	400	0	3.75012624	293.126467	293.119755	293.111357	293.127534	0.000727241924	0.000727864694	0	100	0	0	3
277	401	0	3.76371365	293.113056	293.119364	293.111357	293.127014	0.000727241924	0.000727864694	0	100	0	0	3
278	402	0	3.77730106	293.126913	293.11975	293.111357	293.127014	0.000622993314	0.000727864694	0	100	0	0	3
279	404	0	3.79088848	293.111795	293.119359	293.111357	293.127014	0.000622993314	0.000727864694	0	100	0	0	3
280	405	0	3.80447589	293.126824	293.119707	293.111357	293.127014	0.000576725977	0.000727864694	0	100	0	0	3
281	407	0	3.81806331	293.113065	293.119331	293.111357	293.127014	0.000581840432	0.000727864694	0	100	0	0	3
282	408	0	3.83165072	293.127143	293.119732	293.111357	293.127143	0.000581840432	0.000727864694	0	100	0	0	3
283	410	0	3.84523813	293.112707	293.119353	293.111357	293.127143	0.000581840432	0.000727864694	0	100	0	0	3
284	411	0	3.85882555	293.126499	293.119704	293.111357	293.127143	0.000581840432	0.000727864694	0	100	0	0	3
285	413	0	3.87241296	293.113529	293.11934	293.111357	293.127143	0.000581840432	0.000727864694	0	100	0	0	3
286	414	0	3.88600037	293.126551	293.119733	293.111357	293.127143	0.000581840432	0.000727864694	0	100	0	0	3
287	415	0	3.89958779	293.11213	293.119339	293.111357	293.127143	0.000581840432	0.000727864694	0	100	0	0	3
288	417	0	3.9131752	293.126155	293.119699	293.111357	293.127143	0.000581840432	0.000727864694	0	100	0	0	3
289	418	0	3.92676262	293.118731	293.119475	293.111357	293.127143	0.000510099492	0.000727864694	0	100	0	0	3
290	420	0	3.94035003	293.121584	293.119728	293.111357	293.127143	0.000510099492	0.000727864694	0	100	0	0	3
291	421	0	3.95393744	293.113533	293.119388	293.111357	293.127143	0.000510099492	0.000727864694	0	100	0	0	3
292	423	0	3.96752486	293.12547	293.11974	293.111357	293.127143	0.000510099492	0.000727864694	0	100	0	0	3
293	424	0	3.98111227	293.119896	293.119559	293.111357	293.127143	0.000510099492	0.000727864694	0	100	0	0	3
294	426	0	3.99469969	293.127215	293.119945	293.111357	293.127215	0.000614250509	0.000727864694	0	100	0	0	3
295	427	0	4.0082871	293.121412	293.11981	293.111357	293.127215	0.000614250509	0.000727864694	0	100	0	0	3
