Iteration	CPUTime	PhysTime	Travels	Value	AvValue	MinValue	MaxValue	Delta	Criteria	PrevAvRefValue	Progress	CriteriaType	CriteriaVarType	CriteriaPercentage
1	9	0	0.0135874139	0.00389906805	0.00389906805	0.00389906805	0.00389906805	0	0	0	0	0	0	3
2	10	0	0.0271748278	0.00389912091	0.00389909448	0.00389906805	0.00389912091	2.6429319e-08	0	0	0	0	0	3
3	12	0	0.0407622417	0.00389909021	0.00389909305	0.00389906805	0.00389912091	2.6429319e-08	0	0	0	0	0	3
4	13	0	0.0543496556	0.00389906061	0.00389908494	0.00389906061	0.00389912091	2.6429319e-08	0	0	0	0	0	3
5	15	0	0.0679370695	0.00389904325	0.00389907661	0.00389904325	0.00389912091	2.6429319e-08	0	0	0	0	0	3
6	17	0	0.0815244834	0.00389902638	0.00389906823	0.00389902638	0.00389912091	2.6429319e-08	0	0	0	0	0	3
7	19	0	0.0951118973	0.0038990156	0.00389906072	0.0038990156	0.00389912091	3.37621023e-08	0	0	0	0	0	3
8	20	0	0.108699311	0.00389900959	0.00389905432	0.00389900959	0.00389912091	4.01527948e-08	0	0	0	0	0	3
9	22	0	0.122286725	0.00389900421	0.00389904876	0.00389900421	0.00389912091	4.57209624e-08	0	0	0	0	0	3
10	23	0	0.135874139	0.00389900242	0.00389904412	0.00389900242	0.00389912091	5.03550583e-08	0	0	0	0	0	3
11	25	0	0.149461553	0.00389899819	0.00389903995	0.00389899819	0.00389912091	5.45306465e-08	0	0	0	0	0	3
12	26	0	0.163048967	0.0038989978	0.00389903643	0.0038989978	0.00389912091	5.80432372e-08	0	0	0	0	0	3
13	27	0	0.176636381	0.00389899585	0.00389903331	0.00389899585	0.00389912091	6.11649597e-08	0	0	0	0	0	3
14	29	0	0.190223795	0.00389899564	0.00389903062	0.00389899564	0.00389912091	6.38555764e-08	0	0	0	0	0	3
15	30	0	0.203811208	0.00389899488	0.00389902824	0.00389899488	0.00389912091	6.62380774e-08	0	0	0	0	0	3
16	32	0	0.217398622	0.00389899305	0.00389902604	0.00389899305	0.00389912091	6.84371932e-08	0	0	0	0	0	3
17	33	0	0.230986036	0.00389899163	0.00389902402	0.00389899163	0.00389912091	7.04611954e-08	0	0	0	0	0	3
18	34	0	0.24457345	0.00389899021	0.00389902214	0.00389899021	0.00389912091	7.23392528e-08	0	0	0	0	0	3
19	36	0	0.258160864	0.00389898887	0.00389902039	0.00389898887	0.00389912091	7.4090264e-08	0	0	0	0	0	3
20	37	0	0.271748278	0.00389898704	0.00389901872	0.00389898704	0.00389912091	7.57574592e-08	0	0	0	0	0	3
21	39	0	0.285335692	0.00389898484	0.00389901711	0.00389898484	0.00389912091	7.7370744e-08	0	0	0	0	0	3
22	40	0	0.298923106	0.00389898228	0.00389901552	0.00389898228	0.00389912091	7.89536799e-08	0	0	0	0	0	3
23	41	0	0.31251052	0.00389897977	0.00389901397	0.00389897977	0.00389912091	8.05082688e-08	0	0	0	0	0	3
24	42	0	0.326097934	0.00389897697	0.00389901243	0.00389897697	0.00389912091	8.20499328e-08	0	0	0	0	0	3
25	44	0	0.339685347	0.00389897416	0.0038990109	0.00389897416	0.00389912091	8.35806051e-08	0	0	0	0	0	3
26	45	0	0.353272761	0.00389896999	0.00389900932	0.00389896999	0.00389912091	8.51540289e-08	0	0	0	0	0	3
27	46	0	0.366860175	0.00389896574	0.00389900771	0.00389896574	0.00389912091	8.67683987e-08	0	0	0	0	0	3
28	48	0	0.380447589	0.00389896144	0.00389900606	0.00389896144	0.00389912091	8.84207036e-08	0	0	0	0	0	3
29	49	0	0.394035003	0.00389895719	0.00389900437	0.00389895719	0.00389912091	9.01055889e-08	0	0	0	0	0	3
30	51	0	0.407622417	0.0038989531	0.00389900266	0.0038989531	0.00389912091	9.18146899e-08	0	0	0	0	0	3
31	52	0	0.421209831	0.00389894693	0.00389900086	0.00389894693	0.00389912091	9.36124685e-08	0	0	0	0	0	3
32	53	0	0.434797245	0.00389894063	0.00389899898	0.00389894063	0.00389912091	9.54949133e-08	0	0	0	0	0	3
33	55	0	0.448384659	0.00389893453	0.00389899703	0.00389893453	0.00389912091	9.744813e-08	0	0	0	0	0	3
34	56	0	0.461972073	0.00389892826	0.00389899501	0.00389892826	0.00389912091	9.94708345e-08	0	0	0	0	0	3
35	57	0	0.475559486	0.00389892217	0.00389899293	0.00389892217	0.00389912091	1.01552007e-07	0	0	0	0	0	3
36	59	0	0.4891469	0.00389891296	0.0038989907	0.00389891296	0.00389912091	1.0377324e-07	0	0	0	0	0	3
37	60	0	0.502734314	0.00389890382	0.00389898836	0.00389890382	0.00389912091	1.0612143e-07	0	0	0	0	0	3
38	61	0	0.516321728	0.00389889488	0.00389898368	0.00389889488	0.00389912091	1.10801624e-07	0	0	0	0	0	3
39	62	0	0.529909142	0.00389888603	0.00389897733	0.00389888603	0.00389909021	1.15726213e-07	0	0	0	0	0	3
40	64	0	0.543496556	0.00389887712	0.00389897157	0.00389887712	0.00389906061	1.13375573e-07	0	0	0	0	0	3
41	65	0	0.55708397	0.00389886441	0.00389896627	0.00389886441	0.00389904325	1.10340102e-07	0	0	0	0	0	3
42	66	0	0.570671384	0.00389885186	0.00389896109	0.00389885186	0.00389902638	1.07141318e-07	0	0	0	0	0	3
43	67	0	0.584258798	0.00389883921	0.00389895603	0.00389883921	0.0038990156	1.04680896e-07	0	0	0	0	0	3
44	69	0	0.597846212	0.00389882709	0.00389895094	0.00389882709	0.00389900959	1.03385077e-07	0	0	0	0	0	3
45	70	0	0.611433625	0.00389881482	0.00389894568	0.00389881482	0.00389900421	1.03081079e-07	0	0	0	0	0	3
46	71	0	0.625021039	0.00389880274	0.00389894023	0.00389880274	0.00389900242	1.03892146e-07	0	0	0	0	0	3
47	73	0	0.638608453	0.00389879055	0.0038989345	0.00389879055	0.00389899819	1.05442593e-07	0	0	0	0	0	3
48	74	0	0.652195867	0.00389877874	0.00389892857	0.00389877874	0.0038989978	1.07861211e-07	0	0	0	0	0	3
49	75	0	0.665783281	0.00389876672	0.00389892233	0.00389876672	0.00389899585	1.10984767e-07	0	0	0	0	0	3
50	77	0	0.679370695	0.00389875501	0.00389891582	0.00389875501	0.00389899564	1.14803424e-07	0	0	0	0	0	3
51	78	0	0.692958109	0.00389874318	0.003898909	0.00389874318	0.00389899488	1.1924423e-07	0	0	0	0	0	3
52	79	0	0.706545523	0.00389873176	0.00389890188	0.00389873176	0.00389899305	1.24156716e-07	0	0	0	0	0	3
53	80	0	0.720132937	0.0038987202	0.00389889451	0.0038987202	0.00389899163	1.29507023e-07	0	0	0	0	0	3
54	82	0	0.733720351	0.00389870887	0.00389888687	0.00389870887	0.00389899021	1.35271109e-07	0	0	0	0	0	3
55	83	0	0.747307764	0.00389869741	0.00389887895	0.00389869741	0.00389898887	1.41433633e-07	0	0	0	0	0	3
56	84	0	0.760895178	0.00389868631	0.00389887078	0.00389868631	0.00389898704	1.47943674e-07	0	0	0	0	0	3
57	86	0	0.774482592	0.00389867502	0.00389886234	0.00389867502	0.00389898484	1.54763563e-07	0	0	0	0	0	3
58	87	0	0.788070006	0.00389866428	0.00389885368	0.00389866428	0.00389898228	1.61844325e-07	0	0	0	0	0	3
59	88	0	0.80165742	0.00389865315	0.00389884478	0.00389865315	0.00389897977	1.6918509e-07	0	0	0	0	0	3
60	90	0	0.815244834	0.0038986423	0.00389883566	0.0038986423	0.00389897697	1.76764298e-07	0	0	0	0	0	3
61	91	0	0.828832248	0.00389863125	0.00389882632	0.00389863125	0.00389897416	1.84577302e-07	0	0	0	0	0	3
62	92	0	0.842419662	0.00389862046	0.00389881676	0.00389862046	0.00389896999	1.9256346e-07	0	0	0	0	0	3
63	93	0	0.856007076	0.00389860959	0.00389880702	0.00389860959	0.00389896574	2.00689487e-07	0	0	0	0	0	3
64	95	0	0.869594489	0.00389859896	0.00389879711	0.00389859896	0.00389896144	2.08950086e-07	0	0	0	0	0	3
65	96	0	0.883181903	0.00389858823	0.00389878702	0.00389858823	0.00389895719	2.17352095e-07	0	0	0	0	0	3
66	97	0	0.896769317	0.00389857782	0.00389877677	0.00389857782	0.0038989531	2.25896273e-07	0	0	0	0	0	3
67	99	0	0.910356731	0.00389856716	0.00389876634	0.00389856716	0.00389894693	2.34529391e-07	0	0	0	0	0	3
68	100	0	0.923944145	0.00389855691	0.00389875579	0.00389855691	0.00389894063	2.43187989e-07	0	0	0	0	0	3
69	101	0	0.937531559	0.00389854641	0.00389874514	0.00389854641	0.00389893453	2.51889371e-07	0	0	0	0	0	3
70	103	0	0.951118973	0.00389853629	0.00389873438	0.00389853629	0.00389892826	2.60629732e-07	0	0	0	0	0	3
71	104	0	0.964706387	0.00389852596	0.0038987235	0.00389852596	0.00389892217	2.6942147e-07	0	0	0	0	0	3
72	105	0	0.978293801	0.00389851603	0.00389871253	0.00389851603	0.00389891296	2.78176783e-07	0	0	0	0	0	3
73	106	0	0.991881215	0.00389850581	0.00389870152	0.00389850581	0.00389890382	2.86832604e-07	0	0	0	0	0	3
74	108	0	1.00546863	0.00389849599	0.0038986905	0.00389849599	0.00389889488	2.93174747e-07	3.89382725e-05	0	100	0	0	3
75	109	0	1.01905604	0.00389848582	0.00389867945	0.00389848582	0.00389888603	2.97882255e-07	3.89372378e-05	0	100	0	0	3
76	110	0	1.03264346	0.00389847616	0.00389866837	0.00389847616	0.00389887712	3.03200653e-07	3.89362401e-05	0	100	0	0	3
77	112	0	1.04623087	0.00389846615	0.00389865726	0.00389846615	0.00389886441	3.09004947e-07	3.89352271e-05	0	100	0	0	3
78	113	0	1.05981828	0.00389845657	0.00389864624	0.00389845657	0.00389885186	3.14854716e-07	3.89342416e-05	0	100	0	0	3
79	114	0	1.0734057	0.00389844663	0.00389863529	0.00389844663	0.00389883921	3.20748507e-07	3.89332287e-05	0	100	0	0	3
80	116	0	1.08699311	0.00389843706	0.00389862442	0.00389843706	0.00389882709	3.26522769e-07	3.89322584e-05	0	100	0	0	3
81	117	0	1.10058053	0.00389842732	0.00389861361	0.00389842732	0.00389881482	3.32063132e-07	3.89312633e-05	0	100	0	0	3
82	118	0	1.11416794	0.00389841793	0.00389860289	0.00389841793	0.00389880274	3.37344725e-07	3.89303079e-05	0	100	0	0	3
83	119	0	1.12775535	0.00389840828	0.00389859222	0.00389840828	0.00389879055	3.42279636e-07	3.8929321e-05	0	100	0	0	3
84	121	0	1.14134277	0.003898399	0.00389858164	0.003898399	0.00389877874	3.46930883e-07	3.89283716e-05	0	100	0	0	3
85	122	0	1.15493018	0.00389838958	0.00389857112	0.00389838958	0.00389876672	3.51203366e-07	3.89274045e-05	0	100	0	0	3
86	123	0	1.1685176	0.0038983805	0.00389856069	0.0038983805	0.00389875501	3.55132519e-07	3.89264775e-05	0	100	0	0	3
87	125	0	1.18210501	0.00389837112	0.00389855031	0.00389837112	0.00389874318	3.58684666e-07	3.8925516e-05	0	100	0	0	3
88	126	0	1.19569242	0.00389836192	0.00389854001	0.00389836192	0.00389873176	3.61877556e-07	3.89245873e-05	0	100	0	0	3
89	127	0	1.20927984	0.00389835255	0.00389852976	0.00389835255	0.0038987202	3.64751905e-07	3.89236399e-05	0	100	0	0	3
90	128	0	1.22286725	0.00389834346	0.00389851957	0.00389834346	0.00389870887	3.65417658e-07	3.89227173e-05	0	100	0	0	3
91	130	0	1.23645466	0.00389833421	0.00389850945	0.00389833421	0.00389869741	3.63196031e-07	3.89217791e-05	0	100	0	0	3
92	131	0	1.25004208	0.00389832514	0.00389849939	0.00389832514	0.00389868631	3.61167589e-07	3.89208742e-05	0	100	0	0	3
93	132	0	1.26362949	0.00389831594	0.00389848938	0.00389831594	0.00389867502	3.59072189e-07	3.89199451e-05	0	100	0	0	3
94	134	0	1.27721691	0.00389830699	0.00389847943	0.00389830699	0.00389866428	3.5729509e-07	3.89190514e-05	0	100	0	0	3
95	135	0	1.29080432	0.00389829784	0.00389846953	0.00389829784	0.00389865315	3.55312792e-07	3.89181334e-05	0	100	0	0	3
96	136	0	1.30439173	0.00389828902	0.00389845969	0.00389828902	0.0038986423	3.53280398e-07	3.89172444e-05	0	100	0	0	3
97	137	0	1.31797915	0.00389827999	0.00389844989	0.00389827999	0.00389863125	3.51261799e-07	3.89163381e-05	0	100	0	0	3
98	139	0	1.33156656	0.00389827131	0.00389844017	0.00389827131	0.00389862046	3.49144305e-07	3.89154701e-05	0	100	0	0	3
99	140	0	1.34515398	0.00389826235	0.00389843049	0.00389826235	0.00389860959	3.47244789e-07	3.89145709e-05	0	100	0	0	3
100	141	0	1.35874139	0.00389825364	0.00389842087	0.00389825364	0.00389859896	3.45319602e-07	3.89137081e-05	0	100	0	0	3
101	143	0	1.3723288	0.00389824486	0.0038984113	0.00389824486	0.00389858823	3.43368115e-07	3.89128289e-05	0	100	0	0	3
102	145	0	1.38591622	0.00389823633	0.00389840179	0.00389823633	0.00389857782	3.41498341e-07	3.89119739e-05	0	100	0	0	3
103	146	0	1.39950363	0.00389822763	0.00389839232	0.00389822763	0.00389856716	3.39526068e-07	3.89111028e-05	0	100	0	0	3
104	147	0	1.41309105	0.00389821909	0.00389838291	0.00389821909	0.00389855691	3.37820908e-07	3.89102606e-05	0	100	0	0	3
105	149	0	1.42667846	0.00389821042	0.00389837355	0.00389821042	0.00389854641	3.35983392e-07	3.89093959e-05	0	100	0	0	3
106	150	0	1.44026587	0.00389820193	0.00389836424	0.00389820193	0.00389853629	3.34367238e-07	3.89085636e-05	0	100	0	0	3
107	151	0	1.45385329	0.00389819324	0.00389835497	0.00389819324	0.00389852596	3.32721607e-07	3.89077033e-05	0	100	0	0	3
108	153	0	1.4674407	0.00389818488	0.00389834575	0.00389818488	0.00389851603	3.31153835e-07	3.89068782e-05	0	100	0	0	3
109	154	0	1.48102811	0.00389817641	0.00389833657	0.00389817641	0.00389850581	3.29406806e-07	3.89060328e-05	0	100	0	0	3
110	155	0	1.49461553	0.00389816803	0.00389832744	0.00389816803	0.00389849599	3.27961839e-07	3.89052122e-05	0	100	0	0	3
111	157	0	1.50820294	0.00389815963	0.00389831835	0.00389815963	0.00389848582	3.26188349e-07	3.89043818e-05	0	100	0	0	3
112	158	0	1.52179036	0.00389815138	0.00389830931	0.00389815138	0.00389847616	3.24779755e-07	3.89035788e-05	0	100	0	0	3
113	160	0	1.53537777	0.00389814304	0.00389830031	0.00389814304	0.00389846615	3.23115551e-07	3.8902753e-05	0	100	0	0	3
114	161	0	1.54896518	0.0038981348	0.00389829135	0.0038981348	0.00389845657	3.21772948e-07	3.89019558e-05	0	100	0	0	3
115	162	0	1.5625526	0.00389812645	0.00389828243	0.00389812645	0.00389844663	3.20173414e-07	3.89011369e-05	0	100	0	0	3
116	164	0	1.57614001	0.00389811829	0.00389827356	0.00389811829	0.00389843706	3.18764438e-07	3.89003464e-05	0	100	0	0	3
117	165	0	1.58972743	0.00389811014	0.00389826472	0.00389811014	0.00389842732	3.17183178e-07	3.88995444e-05	0	100	0	0	3
118	167	0	1.60331484	0.00389810215	0.00389825593	0.00389810215	0.00389841793	3.15771281e-07	3.88987677e-05	0	100	0	0	3
119	168	0	1.61690225	0.00389809394	0.00389824718	0.00389809394	0.00389840828	3.14346096e-07	3.88979649e-05	0	100	0	0	3
120	169	0	1.63048967	0.00389808588	0.00389823846	0.00389808588	0.003898399	3.13118557e-07	3.88971926e-05	0	100	0	0	3
121	171	0	1.64407708	0.00389807775	0.00389822978	0.00389807775	0.00389838958	3.11825521e-07	3.88964025e-05	0	100	0	0	3
122	172	0	1.6576645	0.00389806985	0.00389822114	0.00389806985	0.0038983805	3.10644002e-07	3.88956416e-05	0	100	0	0	3
123	174	0	1.67125191	0.00389806172	0.00389821252	0.00389806172	0.00389837112	3.09397293e-07	3.88948588e-05	0	100	0	0	3
124	175	0	1.68483932	0.00389805388	0.00389820395	0.00389805388	0.00389836192	3.08030626e-07	3.88941062e-05	0	100	0	0	3
125	177	0	1.69842674	0.00389804593	0.00389819541	0.00389804593	0.00389835255	3.06623483e-07	3.88933325e-05	0	100	0	0	3
126	178	0	1.71201415	0.00389803819	0.00389818691	0.00389803819	0.00389834346	3.05268095e-07	3.88925926e-05	0	100	0	0	3
127	180	0	1.72560157	0.00389803024	0.00389817845	0.00389803024	0.00389833421	3.03969577e-07	3.88918329e-05	0	100	0	0	3
128	181	0	1.73918898	0.00389802243	0.00389817002	0.00389802243	0.00389832514	3.02708655e-07	3.88910946e-05	0	100	0	0	3
129	183	0	1.75277639	0.00389801449	0.00389816162	0.00389801449	0.00389831594	3.01450096e-07	3.88903426e-05	0	100	0	0	3
130	184	0	1.76636381	0.00389800681	0.00389815327	0.00389800681	0.00389830699	3.00181518e-07	3.88896217e-05	0	100	0	0	3
131	186	0	1.77995122	0.00389799897	0.00389814494	0.00389799897	0.00389829784	2.98870054e-07	3.88888736e-05	0	100	0	0	3
132	188	0	1.79353863	0.00389799126	0.00389813666	0.00389799126	0.00389828902	2.97756098e-07	3.88881531e-05	0	100	0	0	3
133	189	0	1.80712605	0.00389798349	0.0038981284	0.00389798349	0.00389827999	2.96503022e-07	3.88874188e-05	0	100	0	0	3
134	191	0	1.82071346	0.00389797588	0.00389812018	0.00389797588	0.00389827131	2.95431956e-07	3.88867064e-05	0	100	0	0	3
135	193	0	1.83430088	0.00389796816	0.00389811199	0.00389796816	0.00389826235	2.94185089e-07	3.88859832e-05	0	100	0	0	3
136	194	0	1.84788829	0.00389796063	0.00389810383	0.00389796063	0.00389825364	2.93007361e-07	3.88852824e-05	0	100	0	0	3
137	196	0	1.8614757	0.00389795298	0.00389809571	0.00389795298	0.00389824486	2.91881238e-07	3.88845625e-05	0	100	0	0	3
138	197	0	1.87506312	0.00389794555	0.00389808762	0.00389794555	0.00389823633	2.90776582e-07	3.88838712e-05	0	100	0	0	3
139	199	0	1.88865053	0.00389793794	0.00389807955	0.00389793794	0.00389822763	2.89692234e-07	3.88831602e-05	0	100	0	0	3
140	200	0	1.90223795	0.00389793052	0.00389807152	0.00389793052	0.00389821909	2.88575725e-07	3.8882472e-05	0	100	0	0	3
141	201	0	1.91582536	0.00389792305	0.00389806352	0.00389792305	0.00389821042	2.87371555e-07	3.88817701e-05	0	100	0	0	3
142	203	0	1.92941277	0.00389791573	0.00389805556	0.00389791573	0.00389820193	2.86195855e-07	3.8881097e-05	0	100	0	0	3
143	204	0	1.94300019	0.00389790823	0.00389804762	0.00389790823	0.00389819324	2.850052e-07	3.88804006e-05	0	100	0	0	3
144	206	0	1.9565876	0.00389790089	0.00389803972	0.00389790089	0.00389818488	2.83984512e-07	3.88797272e-05	0	100	0	0	3
145	207	0	1.97017502	0.00389789356	0.00389803185	0.00389789356	0.00389817641	2.8284468e-07	3.88790399e-05	0	100	0	0	3
146	209	0	1.98376243	0.00389788643	0.00389802401	0.00389788643	0.00389816803	2.81598725e-07	3.88783811e-05	0	100	0	0	3
147	210	0	1.99734984	0.00389787909	0.0038980162	0.00389787909	0.00389815963	2.80547916e-07	3.88777056e-05	0	100	0	0	3
148	212	0	2.01093726	0.00389787192	0.00389800842	0.00389787192	0.00389815138	2.79453916e-07	3.88770527e-05	0	100	0	0	3
149	213	0	2.02452467	0.00389786459	0.00389800067	0.00389786459	0.00389814304	2.78444661e-07	3.88763812e-05	0	100	0	0	3
150	214	0	2.03811208	0.00389785748	0.00389799296	0.00389785748	0.0038981348	2.7731865e-07	3.88757333e-05	0	100	0	0	3
151	216	0	2.0516995	0.00389785018	0.00389798526	0.00389785018	0.00389812645	2.76267657e-07	3.88750665e-05	0	100	0	0	3
152	217	0	2.06528691	0.00389784317	0.00389797761	0.00389784317	0.00389811829	2.75122512e-07	3.88744237e-05	0	100	0	0	3
153	219	0	2.07887433	0.00389783609	0.00389796998	0.00389783609	0.00389811014	2.74052395e-07	3.88737792e-05	0	100	0	0	3
154	220	0	2.09246174	0.00389782908	0.00389796238	0.00389782908	0.00389810215	2.7307e-07	3.88731439e-05	0	100	0	0	3
155	222	0	2.10604915	0.00389782188	0.00389795481	0.00389782188	0.00389809394	2.72063738e-07	3.88724937e-05	0	100	0	0	3
156	223	0	2.11963657	0.00389781499	0.00389794727	0.00389781499	0.00389808588	2.70892546e-07	3.88718769e-05	0	100	0	0	3
157	224	0	2.13322398	0.00389780804	0.00389793976	0.00389780804	0.00389807775	2.6971134e-07	3.88712411e-05	0	100	0	0	3
158	226	0	2.1468114	0.00389780109	0.00389793228	0.00389780109	0.00389806985	2.68762767e-07	3.8870617e-05	0	100	0	0	3
159	227	0	2.16039881	0.00389779401	0.00389792483	0.00389779401	0.00389806172	2.67708214e-07	3.8869986e-05	0	100	0	0	3
160	229	0	2.17398622	0.00389778721	0.00389791741	0.00389778721	0.00389805388	2.66671683e-07	3.88693719e-05	0	100	0	0	3
161	230	0	2.18757364	0.00389778023	0.00389791001	0.00389778023	0.00389804593	2.65701869e-07	3.88687435e-05	0	100	0	0	3
162	232	0	2.20116105	0.00389777334	0.00389790264	0.00389777334	0.00389803819	2.64850758e-07	3.88681334e-05	0	100	0	0	3
163	233	0	2.21474847	0.00389776641	0.0038978953	0.00389776641	0.00389803024	2.63830049e-07	3.88675185e-05	0	100	0	0	3
164	235	0	2.22833588	0.00389775972	0.00389788799	0.00389775972	0.00389802243	2.62710952e-07	3.88669189e-05	0	100	0	0	3
165	236	0	2.24192329	0.00389775289	0.0038978807	0.00389775289	0.00389801449	2.61602254e-07	3.88663146e-05	0	100	0	0	3
166	237	0	2.25551071	0.00389774625	0.00389787345	0.00389774625	0.00389800681	2.60560828e-07	3.88657271e-05	0	100	0	0	3
167	239	0	2.26909812	0.00389773945	0.00389786623	0.00389773945	0.00389799897	2.59524811e-07	3.88651233e-05	0	100	0	0	3
168	241	0	2.28268553	0.00389773281	0.00389785903	0.00389773281	0.00389799126	2.58445174e-07	3.88645353e-05	0	100	0	0	3
169	243	0	2.29627295	0.00389772606	0.00389785187	0.00389772606	0.00389798349	2.57432304e-07	3.88639379e-05	0	100	0	0	3
170	244	0	2.30986036	0.00389771949	0.00389784473	0.00389771949	0.00389797588	2.56390904e-07	3.8863363e-05	0	100	0	0	3
171	246	0	2.32344778	0.00389771276	0.00389783762	0.00389771276	0.00389796816	2.5539996e-07	3.88627725e-05	0	100	0	0	3
172	247	0	2.33703519	0.00389770619	0.00389783054	0.00389770619	0.00389796063	2.54440789e-07	3.8862197e-05	0	100	0	0	3
173	249	0	2.3506226	0.00389769958	0.00389782348	0.00389769958	0.00389795298	2.53396102e-07	3.88616145e-05	0	100	0	0	3
174	250	0	2.36421002	0.00389769307	0.00389781646	0.00389769307	0.00389794555	2.52475887e-07	3.88610486e-05	0	100	0	0	3
175	251	0	2.37779743	0.00389768646	0.00389780946	0.00389768646	0.00389793794	2.51477728e-07	3.88604686e-05	0	100	0	0	3
176	253	0	2.39138485	0.00389767999	0.00389780249	0.00389767999	0.00389793052	2.50523485e-07	3.8859907e-05	0	100	0	0	3
177	254	0	2.40497226	0.00389767343	0.00389779554	0.00389767343	0.00389792305	2.49621256e-07	3.88593365e-05	0	100	0	0	3
178	256	0	2.41855967	0.00389766695	0.00389778862	0.00389766695	0.00389791573	2.48774836e-07	3.8858781e-05	0	100	0	0	3
179	257	0	2.43214709	0.00389766039	0.00389778171	0.00389766039	0.00389790823	2.47839682e-07	3.88582176e-05	0	100	0	0	3
180	259	0	2.4457345	0.0038976539	0.00389777484	0.0038976539	0.00389790089	2.469972e-07	3.88576703e-05	0	100	0	0	3
181	260	0	2.45932192	0.00389764736	0.00389776799	0.00389764736	0.00389789356	2.46196812e-07	3.88571135e-05	0	100	0	0	3
182	261	0	2.47290933	0.00389764101	0.00389776116	0.00389764101	0.00389788643	2.45420401e-07	3.88565776e-05	0	100	0	0	3
183	263	0	2.48649674	0.00389763465	0.00389775436	0.00389763465	0.00389787909	2.44435748e-07	3.88560242e-05	0	100	0	0	3
184	264	0	2.50008416	0.00389762833	0.00389774758	0.00389762833	0.00389787192	2.43597661e-07	3.88554881e-05	0	100	0	0	3
185	266	0	2.51367157	0.00389762195	0.00389774082	0.00389762195	0.00389786459	2.42644775e-07	3.88549446e-05	0	100	0	0	3
186	267	0	2.52725899	0.00389761566	0.0038977341	0.00389761566	0.00389785748	2.41822655e-07	3.88544139e-05	0	100	0	0	3
187	268	0	2.5408464	0.00389760936	0.00389772739	0.00389760936	0.00389785018	2.40820939e-07	3.88538691e-05	0	100	0	0	3
188	270	0	2.55443381	0.00389760323	0.00389772072	0.00389760323	0.00389784317	2.39939625e-07	3.88533491e-05	0	100	0	0	3
189	271	0	2.56802123	0.00389759692	0.00389771406	0.00389759692	0.00389783609	2.39166628e-07	3.88528128e-05	0	100	0	0	3
190	273	0	2.58160864	0.00389759084	0.00389770743	0.00389759084	0.00389782908	2.38248659e-07	3.8852296e-05	0	100	0	0	3
191	274	0	2.59519605	0.00389758455	0.00389770082	0.00389758455	0.00389782188	2.37325778e-07	3.88517651e-05	0	100	0	0	3
192	276	0	2.60878347	0.00389757838	0.00389769424	0.00389757838	0.00389781499	2.3661393e-07	3.88512518e-05	0	100	0	0	3
193	277	0	2.62237088	0.0038975721	0.00389768768	0.0038975721	0.00389780804	2.35943073e-07	3.88507306e-05	0	100	0	0	3
194	279	0	2.6359583	0.00389756596	0.00389768114	0.00389756596	0.00389780109	2.35128292e-07	3.88502268e-05	0	100	0	0	3
195	280	0	2.64954571	0.00389755975	0.00389767461	0.00389755975	0.00389779401	2.34265933e-07	3.88497096e-05	0	100	0	0	3
196	281	0	2.66313312	0.00389755368	0.00389766812	0.00389755368	0.00389778721	2.33535177e-07	3.88492119e-05	0	100	0	0	3
197	283	0	2.67672054	0.00389754748	0.00389766164	0.00389754748	0.00389778023	2.32751642e-07	3.88487017e-05	0	100	0	0	3
198	284	0	2.69030795	0.00389754143	0.00389765518	0.00389754143	0.00389777334	2.31901721e-07	3.88482103e-05	0	100	0	0	3
199	286	0	2.70389537	0.0038975353	0.00389764875	0.0038975353	0.00389776641	2.31110685e-07	3.88477082e-05	0	100	0	0	3
200	287	0	2.71748278	0.00389752928	0.00389764234	0.00389752928	0.00389775972	2.30445666e-07	3.88472183e-05	0	100	0	0	3
201	289	0	2.73107019	0.00389752314	0.00389763595	0.00389752314	0.00389775289	2.29748645e-07	3.88467205e-05	0	100	0	0	3
202	291	0	2.74465761	0.00389751723	0.00389762958	0.00389751723	0.00389774625	2.29017054e-07	3.88462394e-05	0	100	0	0	3
203	292	0	2.75824502	0.00389751121	0.00389762323	0.00389751121	0.00389773945	2.28237335e-07	3.88457498e-05	0	100	0	0	3
204	294	0	2.77183244	0.00389750524	0.0038976169	0.00389750524	0.00389773281	2.27575332e-07	3.88452686e-05	0	100	0	0	3
205	296	0	2.78541985	0.0038974992	0.00389761058	0.0038974992	0.00389772606	2.26860987e-07	3.88447812e-05	0	100	0	0	3
206	297	0	2.79900726	0.00389749337	0.00389760429	0.00389749337	0.00389771949	2.26117044e-07	3.88443136e-05	0	100	0	0	3
207	299	0	2.81259468	0.00389748734	0.00389759802	0.00389748734	0.00389771276	2.25422868e-07	3.88438292e-05	0	100	0	0	3
208	301	0	2.82618209	0.00389748149	0.00389759177	0.00389748149	0.00389770619	2.24695829e-07	3.88433605e-05	0	100	0	0	3
209	302	0	2.8397695	0.00389747549	0.00389758553	0.00389747549	0.00389769958	2.24095284e-07	3.88428865e-05	0	100	0	0	3
210	304	0	2.85335692	0.00389746961	0.00389757932	0.00389746961	0.00389769307	2.23459951e-07	3.88424237e-05	0	100	0	0	3
211	305	0	2.86694433	0.00389746359	0.00389757312	0.00389746359	0.00389768646	2.2286553e-07	3.88419514e-05	0	100	0	0	3
212	307	0	2.88053175	0.00389745783	0.00389756694	0.00389745783	0.00389767999	2.22165993e-07	3.88414947e-05	0	100	0	0	3
213	308	0	2.89411916	0.00389745184	0.00389756077	0.00389745184	0.00389767343	2.21592531e-07	3.88410291e-05	0	100	0	0	3
214	310	0	2.90770657	0.00389744611	0.00389755463	0.00389744611	0.00389766695	2.20848906e-07	3.88405806e-05	0	100	0	0	3
215	311	0	2.92129399	0.0038974402	0.0038975485	0.0038974402	0.00389766039	2.20190453e-07	3.88401199e-05	0	100	0	0	3
216	312	0	2.9348814	0.00389743452	0.00389754239	0.00389743452	0.0038976539	2.19376421e-07	3.88396779e-05	0	100	0	0	3
217	314	0	2.94846882	0.00389742868	0.00389753631	0.00389742868	0.00389764736	2.18684241e-07	3.88392211e-05	0	100	0	0	3
218	315	0	2.96205623	0.00389742304	0.00389753024	0.00389742304	0.00389764101	2.17976516e-07	3.88387838e-05	0	100	0	0	3
219	317	0	2.97564364	0.00389741718	0.00389752419	0.00389741718	0.00389763465	2.17465565e-07	3.88383335e-05	0	100	0	0	3
220	318	0	2.98923106	0.0038974115	0.00389751816	0.0038974115	0.00389762833	2.16824819e-07	3.88378975e-05	0	100	0	0	3
221	320	0	3.00281847	0.00389740564	0.00389751214	0.00389740564	0.00389762195	2.16310954e-07	3.88374498e-05	0	100	0	0	3
222	321	0	3.01640589	0.0038974	0.00389750615	0.0038974	0.00389761566	2.15660793e-07	3.88370152e-05	0	100	0	0	3
223	322	0	3.0299933	0.00389739427	0.00389750016	0.00389739427	0.00389760936	2.15090265e-07	3.88365801e-05	0	100	0	0	3
224	324	0	3.04358071	0.00389738868	0.0038974942	0.00389738868	0.00389760323	2.14546504e-07	3.88361536e-05	0	100	0	0	3
225	325	0	3.05716813	0.00389738298	0.00389748824	0.00389738298	0.00389759692	2.13945328e-07	3.883572e-05	0	100	0	0	3
226	327	0	3.07075554	0.00389737738	0.00389748231	0.00389737738	0.00389759084	2.13453079e-07	3.88352983e-05	0	100	0	0	3
227	328	0	3.08434295	0.00389737164	0.00389747639	0.00389737164	0.00389758455	2.12908082e-07	3.88348686e-05	0	100	0	0	3
228	330	0	3.09793037	0.00389736612	0.00389747048	0.00389736612	0.00389757838	2.1225422e-07	3.88344511e-05	0	100	0	0	3
229	331	0	3.11151778	0.00389736043	0.00389746459	0.00389736043	0.0038975721	2.11673502e-07	3.88340285e-05	0	100	0	0	3
230	332	0	3.1251052	0.00389735497	0.00389745872	0.00389735497	0.00389756596	2.1099413e-07	3.88336154e-05	0	100	0	0	3
231	334	0	3.13869261	0.00389734926	0.00389745287	0.00389734926	0.00389755975	2.10490201e-07	3.88331927e-05	0	100	0	0	3
232	335	0	3.15228002	0.00389734371	0.00389744703	0.00389734371	0.00389755368	2.09969618e-07	3.88327851e-05	0	100	0	0	3
233	337	0	3.16586744	0.00389733803	0.0038974412	0.00389733803	0.00389754748	2.09449655e-07	3.88323686e-05	0	100	0	0	3
234	338	0	3.17945485	0.00389733251	0.00389743539	0.00389733251	0.00389754143	2.08927621e-07	3.88319632e-05	0	100	0	0	3
235	340	0	3.19304227	0.00389732688	0.00389742959	0.00389732688	0.0038975353	2.0842265e-07	3.88315528e-05	0	100	0	0	3
236	341	0	3.20662968	0.00389732145	0.00389742381	0.00389732145	0.00389752928	2.07827468e-07	3.8831157e-05	0	100	0	0	3
237	342	0	3.22021709	0.00389731586	0.00389741804	0.00389731586	0.00389752314	2.07279806e-07	3.88307522e-05	0	100	0	0	3
238	344	0	3.23380451	0.00389731063	0.0038974123	0.00389731063	0.00389751723	2.06600483e-07	3.88303636e-05	0	100	0	0	3
239	345	0	3.24739192	0.0038973052	0.00389740657	0.0038973052	0.00389751121	2.06013514e-07	3.88299676e-05	0	100	0	0	3
240	347	0	3.26097934	0.00389729978	0.00389740086	0.00389729978	0.00389750524	2.05462174e-07	3.88295736e-05	0	100	0	0	3
241	348	0	3.27456675	0.00389729423	0.00389739515	0.00389729423	0.0038974992	2.04968151e-07	3.88291752e-05	0	100	0	0	3
242	350	0	3.28815416	0.00389728885	0.00389738947	0.00389728885	0.00389749337	2.04521448e-07	3.882879e-05	0	100	0	0	3
243	351	0	3.30174158	0.00389728332	0.00389738379	0.00389728332	0.00389748734	2.04015889e-07	3.88283984e-05	0	100	0	0	3
244	352	0	3.31532899	0.00389727807	0.00389737813	0.00389727807	0.00389748149	2.03424623e-07	3.88280157e-05	0	100	0	0	3
245	354	0	3.32891641	0.00389727261	0.00389737249	0.00389727261	0.00389747549	2.02876416e-07	3.8827629e-05	0	100	0	0	3
246	355	0	3.34250382	0.00389726731	0.00389736686	0.00389726731	0.00389746961	2.02305797e-07	3.88272523e-05	0	100	0	0	3
247	357	0	3.35609123	0.00389726185	0.00389736125	0.00389726185	0.00389746359	2.01743164e-07	3.88268674e-05	0	100	0	0	3
248	358	0	3.36967865	0.00389725653	0.00389735565	0.00389725653	0.00389745783	2.01298393e-07	3.8826492e-05	0	100	0	0	3
249	360	0	3.38326606	0.00389725112	0.00389735006	0.00389725112	0.00389745184	2.00720441e-07	3.88261089e-05	0	100	0	0	3
250	361	0	3.39685347	0.00389724589	0.0038973445	0.00389724589	0.00389744611	2.00211959e-07	3.88257423e-05	0	100	0	0	3
251	363	0	3.41044089	0.00389724052	0.00389733894	0.00389724052	0.0038974402	1.99678614e-07	3.88253681e-05	0	100	0	0	3
252	364	0	3.4240283	0.00389723531	0.0038973334	0.00389723531	0.00389743452	1.99214538e-07	3.88250026e-05	0	100	0	0	3
253	366	0	3.43761572	0.00389722991	0.00389732787	0.00389722991	0.00389742868	1.98769786e-07	3.88246319e-05	0	100	0	0	3
254	367	0	3.45120313	0.00389722466	0.00389732236	0.00389722466	0.00389742304	1.98373795e-07	3.88242696e-05	0	100	0	0	3
255	369	0	3.46479054	0.00389721932	0.00389731685	0.00389721932	0.00389741718	1.97860471e-07	3.88239012e-05	0	100	0	0	3
256	371	0	3.47837796	0.00389721408	0.00389731136	0.00389721408	0.0038974115	1.97417907e-07	3.88235406e-05	0	100	0	0	3
257	372	0	3.49196537	0.00389720877	0.00389730589	0.00389720877	0.00389740564	1.96868022e-07	3.88231741e-05	0	100	0	0	3
258	373	0	3.50555279	0.00389720356	0.00389730042	0.00389720356	0.0038974	1.9643954e-07	3.88228168e-05	0	100	0	0	3
259	375	0	3.5191402	0.0038971983	0.00389729497	0.0038971983	0.00389739427	1.95971657e-07	3.88224593e-05	0	100	0	0	3
260	376	0	3.53272761	0.00389719314	0.00389728954	0.00389719314	0.00389738868	1.9553745e-07	3.88221099e-05	0	100	0	0	3
261	378	0	3.54631503	0.00389718784	0.00389728411	0.00389718784	0.00389738298	1.95137398e-07	3.88217523e-05	0	100	0	0	3
262	379	0	3.55990244	0.00389718272	0.0038972787	0.00389718272	0.00389737738	1.94666633e-07	3.88214068e-05	0	100	0	0	3
263	381	0	3.57348986	0.00389717751	0.00389727329	0.00389717751	0.00389737164	1.9413036e-07	3.88210597e-05	0	100	0	0	3
264	382	0	3.58707727	0.00389717242	0.00389726791	0.00389717242	0.00389736612	1.93705308e-07	3.88207169e-05	0	100	0	0	3
265	384	0	3.60066468	0.00389716716	0.00389726253	0.00389716716	0.00389736043	1.93264488e-07	3.88203688e-05	0	100	0	0	3
266	385	0	3.6142521	0.00389716214	0.00389725717	0.00389716214	0.00389735497	1.9283332e-07	3.88200306e-05	0	100	0	0	3
267	386	0	3.62783951	0.00389715701	0.00389725182	0.00389715701	0.00389734926	1.92242329e-07	3.88196906e-05	0	100	0	0	3
268	388	0	3.64142692	0.00389715197	0.00389724649	0.00389715197	0.00389734371	1.91733621e-07	3.88193565e-05	0	100	0	0	3
269	389	0	3.65501434	0.00389714679	0.00389724117	0.00389714679	0.00389733803	1.91235258e-07	3.88190162e-05	0	100	0	0	3
270	391	0	3.66860175	0.00389714181	0.00389723587	0.00389714181	0.00389733251	1.90699143e-07	3.88186853e-05	0	100	0	0	3
271	392	0	3.68218917	0.00389713677	0.00389723058	0.00389713677	0.00389732688	1.90109676e-07	3.88183527e-05	0	100	0	0	3
272	394	0	3.69577658	0.00389713188	0.00389722531	0.00389713188	0.00389732145	1.89569491e-07	3.88180293e-05	0	100	0	0	3
273	395	0	3.70936399	0.00389712684	0.00389722005	0.00389712684	0.00389731586	1.89022344e-07	3.88176975e-05	0	100	0	0	3
274	397	0	3.72295141	0.00389712188	0.0038972148	0.00389712188	0.00389731063	1.88752374e-07	3.88173738e-05	0	100	0	0	3
275	398	0	3.73653882	0.00389711683	0.00389720957	0.00389711683	0.0038973052	1.88365999e-07	3.88170484e-05	0	100	0	0	3
276	400	0	3.75012624	0.00389711196	0.00389720434	0.00389711196	0.00389729978	1.87818564e-07	3.88167303e-05	0	100	0	0	3
277	401	0	3.76371365	0.00389710694	0.00389719913	0.00389710694	0.00389729423	1.87286213e-07	3.88164083e-05	0	100	0	0	3
278	402	0	3.77730106	0.003897102	0.00389719394	0.003897102	0.00389728885	1.86854581e-07	3.88160905e-05	0	100	0	0	3
279	404	0	3.79088848	0.003897097	0.00389718875	0.003897097	0.00389728332	1.86329092e-07	3.88157715e-05	0	100	0	0	3
280	405	0	3.80447589	0.00389709209	0.00389718358	0.00389709209	0.00389727807	1.8597477e-07	3.88154596e-05	0	100	0	0	3
281	407	0	3.81806331	0.00389708707	0.00389717842	0.00389708707	0.00389727261	1.85544221e-07	3.88151433e-05	0	100	0	0	3
282	408	0	3.83165072	0.00389708233	0.00389717328	0.00389708233	0.00389726731	1.84979474e-07	3.88148333e-05	0	100	0	0	3
283	410	0	3.84523813	0.00389707741	0.00389716814	0.00389707741	0.00389726185	1.84439365e-07	3.88145246e-05	0	100	0	0	3
284	411	0	3.85882555	0.00389707257	0.00389716303	0.00389707257	0.00389725653	1.83963059e-07	3.88142178e-05	0	100	0	0	3
285	413	0	3.87241296	0.00389706763	0.00389715792	0.00389706763	0.00389725112	1.83491336e-07	3.88139071e-05	0	100	0	0	3
286	414	0	3.88600037	0.00389706281	0.00389715283	0.00389706281	0.00389724589	1.83084281e-07	3.88136039e-05	0	100	0	0	3
287	415	0	3.89958779	0.00389705789	0.00389714775	0.00389705789	0.00389724052	1.82634778e-07	3.88133008e-05	0	100	0	0	3
288	417	0	3.9131752	0.00389705311	0.00389714269	0.00389705311	0.00389723531	1.82201384e-07	3.88130007e-05	0	100	0	0	3
289	418	0	3.92676262	0.00389704831	0.00389713763	0.00389704831	0.00389722991	1.81599863e-07	3.88127011e-05	0	100	0	0	3
290	420	0	3.94035003	0.00389704352	0.0038971326	0.00389704352	0.00389722466	1.81143219e-07	3.88124039e-05	0	100	0	0	3
291	421	0	3.95393744	0.00389703872	0.00389712757	0.00389703872	0.00389721932	1.80602602e-07	3.8812109e-05	0	100	0	0	3
292	423	0	3.96752486	0.00389703416	0.00389712257	0.00389703416	0.00389721408	1.79919584e-07	3.88118185e-05	0	100	0	0	3
293	424	0	3.98111227	0.00389702942	0.00389711757	0.00389702942	0.00389720877	1.79354348e-07	3.88115238e-05	0	100	0	0	3
294	426	0	3.99469969	0.0038970247	0.0038971126	0.0038970247	0.00389720356	1.78857839e-07	3.88112347e-05	0	100	0	0	3
295	427	0	4.0082871	0.00389701996	0.00389710764	0.00389701996	0.0038971983	1.78339697e-07	3.88109462e-05	0	100	0	0	3
