Iteration	CPUTime	PhysTime	Travels	Value	AvValue	MinValue	MaxValue	Delta	Criteria	PrevAvRefValue	Progress	CriteriaType	CriteriaVarType	CriteriaPercentage
1	9	0	0.0135874139	366.65	366.65	366.65	366.65	0	0	0	0	0	0	3
2	10	0	0.0271748278	366.65	366.65	366.65	366.65	0	0	0	0	0	0	3
3	12	0	0.0407622417	366.65	366.65	366.65	366.65	0	0	0	0	0	0	3
4	13	0	0.0543496556	366.65	366.65	366.65	366.65	0	0	0	0	0	0	3
5	15	0	0.0679370695	366.65	366.65	366.65	366.65	0	0	0	0	0	0	3
6	17	0	0.0815244834	366.65	366.65	366.65	366.65	0	0	0	0	0	0	3
7	19	0	0.0951118973	366.65	366.65	366.65	366.65	0	0	0	0	0	0	3
8	20	0	0.108699311	366.65	366.65	366.65	366.65	0	0	0	0	0	0	3
9	22	0	0.122286725	366.65	366.65	366.65	366.65	0	0	0	0	0	0	3
10	23	0	0.135874139	366.65	366.65	366.65	366.65	0	0	0	0	0	0	3
11	25	0	0.149461553	366.65	366.65	366.65	366.65	0	0	0	0	0	0	3
12	26	0	0.163048967	366.65	366.65	366.65	366.65	0	0	0	0	0	0	3
13	27	0	0.176636381	366.65	366.65	366.65	366.65	0	0	0	0	0	0	3
14	29	0	0.190223795	366.65	366.65	366.65	366.65	0	0	0	0	0	0	3
15	30	0	0.203811208	366.65	366.65	366.65	366.65	0	0	0	0	0	0	3
16	32	0	0.217398622	366.65	366.65	366.65	366.65	0	0	0	0	0	0	3
17	33	0	0.230986036	366.65	366.65	366.65	366.65	0	0	0	0	0	0	3
18	34	0	0.24457345	366.65	366.65	366.65	366.65	0	0	0	0	0	0	3
19	36	0	0.258160864	366.65	366.65	366.65	366.65	0	0	0	0	0	0	3
20	37	0	0.271748278	366.65	366.65	366.65	366.65	0	0	0	0	0	0	3
21	39	0	0.285335692	366.65	366.65	366.65	366.65	0	0	0	0	0	0	3
22	40	0	0.298923106	366.65	366.65	366.65	366.65	0	0	0	0	0	0	3
23	41	0	0.31251052	366.65	366.65	366.65	366.65	0	0	0	0	0	0	3
24	42	0	0.326097934	366.65	366.65	366.65	366.65	0	0	0	0	0	0	3
25	44	0	0.339685347	366.65	366.65	366.65	366.65	0	0	0	0	0	0	3
26	45	0	0.353272761	366.65	366.65	366.65	366.65	0	0	0	0	0	0	3
27	46	0	0.366860175	366.65	366.65	366.65	366.65	0	0	0	0	0	0	3
28	48	0	0.380447589	366.65	366.65	366.65	366.65	0	0	0	0	0	0	3
29	49	0	0.394035003	366.65	366.65	366.65	366.65	0	0	0	0	0	0	3
30	51	0	0.407622417	366.65	366.65	366.65	366.65	0	0	0	0	0	0	3
31	52	0	0.421209831	366.65	366.65	366.65	366.65	0	0	0	0	0	0	3
32	53	0	0.434797245	366.65	366.65	366.65	366.65	0	0	0	0	0	0	3
33	55	0	0.448384659	366.65	366.65	366.65	366.65	0	0	0	0	0	0	3
34	56	0	0.461972073	366.65	366.65	366.65	366.65	0	0	0	0	0	0	3
35	57	0	0.475559486	366.65	366.65	366.65	366.65	0	0	0	0	0	0	3
36	59	0	0.4891469	366.65	366.65	366.65	366.65	0	0	0	0	0	0	3
37	60	0	0.502734314	366.65	366.65	366.65	366.65	0	0	0	0	0	0	3
38	61	0	0.516321728	366.65	366.65	366.65	366.65	0	0	0	0	0	0	3
39	62	0	0.529909142	366.65	366.65	366.65	366.65	0	0	0	0	0	0	3
40	64	0	0.543496556	366.65	366.65	366.65	366.65	0	0	0	0	0	0	3
41	65	0	0.55708397	366.65	366.65	366.65	366.65	0	0	0	0	0	0	3
42	66	0	0.570671384	366.65	366.65	366.65	366.65	0	0	0	0	0	0	3
43	67	0	0.584258798	366.65	366.65	366.65	366.65	0	0	0	0	0	0	3
44	69	0	0.597846212	366.65	366.65	366.65	366.65	0	0	0	0	0	0	3
45	70	0	0.611433625	366.65	366.65	366.65	366.65	0	0	0	0	0	0	3
46	71	0	0.625021039	366.65	366.65	366.65	366.65	0	0	0	0	0	0	3
47	73	0	0.638608453	366.65	366.65	366.65	366.65	0	0	0	0	0	0	3
48	74	0	0.652195867	366.65	366.65	366.65	366.65	0	0	0	0	0	0	3
49	75	0	0.665783281	366.65	366.65	366.65	366.65	0	0	0	0	0	0	3
50	77	0	0.679370695	366.65	366.65	366.65	366.65	0	0	0	0	0	0	3
51	78	0	0.692958109	366.65	366.65	366.65	366.65	0	0	0	0	0	0	3
52	79	0	0.706545523	366.65	366.65	366.65	366.65	0	0	0	0	0	0	3
53	80	0	0.720132937	366.65	366.65	366.65	366.65	0	0	0	0	0	0	3
54	82	0	0.733720351	366.65	366.65	366.65	366.65	0	0	0	0	0	0	3
55	83	0	0.747307764	366.65	366.65	366.65	366.65	0	0	0	0	0	0	3
56	84	0	0.760895178	366.65	366.65	366.65	366.65	0	0	0	0	0	0	3
57	86	0	0.774482592	366.65	366.65	366.65	366.65	0	0	0	0	0	0	3
58	87	0	0.788070006	366.65	366.65	366.65	366.65	0	0	0	0	0	0	3
59	88	0	0.80165742	366.65	366.65	366.65	366.65	0	0	0	0	0	0	3
60	90	0	0.815244834	366.65	366.65	366.65	366.65	0	0	0	0	0	0	3
61	91	0	0.828832248	366.65	366.65	366.65	366.65	0	0	0	0	0	0	3
62	92	0	0.842419662	366.65	366.65	366.65	366.65	0	0	0	0	0	0	3
63	93	0	0.856007076	366.65	366.65	366.65	366.65	0	0	0	0	0	0	3
64	95	0	0.869594489	366.65	366.65	366.65	366.65	0	0	0	0	0	0	3
65	96	0	0.883181903	366.65	366.65	366.65	366.65	0	0	0	0	0	0	3
66	97	0	0.896769317	366.65	366.65	366.65	366.65	0	0	0	0	0	0	3
67	99	0	0.910356731	366.65	366.65	366.65	366.65	0	0	0	0	0	0	3
68	100	0	0.923944145	366.65	366.65	366.65	366.65	0	0	0	0	0	0	3
69	101	0	0.937531559	366.65	366.65	366.65	366.65	0	0	0	0	0	0	3
70	103	0	0.951118973	366.65	366.65	366.65	366.65	0	0	0	0	0	0	3
71	104	0	0.964706387	366.65	366.65	366.65	366.65	0	0	0	0	0	0	3
72	105	0	0.978293801	366.65	366.65	366.65	366.65	0	0	0	0	0	0	3
73	106	0	0.991881215	366.65	366.65	366.65	366.65	0	0	0	0	0	0	3
74	108	0	1.00546863	366.65	366.65	366.65	366.65	0	3.6665e-06	0	100	0	0	3
75	109	0	1.01905604	366.65	366.65	366.65	366.65	0	3.6665e-06	0	100	0	0	3
76	110	0	1.03264346	366.65	366.65	366.65	366.65	0	3.6665e-06	0	100	0	0	3
77	112	0	1.04623087	366.65	366.65	366.65	366.65	0	3.6665e-06	0	100	0	0	3
78	113	0	1.05981828	366.65	366.65	366.65	366.65	0	3.6665e-06	0	100	0	0	3
79	114	0	1.0734057	366.65	366.65	366.65	366.65	0	3.6665e-06	0	100	0	0	3
80	116	0	1.08699311	366.65	366.65	366.65	366.65	0	3.6665e-06	0	100	0	0	3
81	117	0	1.10058053	366.65	366.65	366.65	366.65	0	3.6665e-06	0	100	0	0	3
82	118	0	1.11416794	366.65	366.65	366.65	366.65	0	3.6665e-06	0	100	0	0	3
83	119	0	1.12775535	366.65	366.65	366.65	366.65	0	3.6665e-06	0	100	0	0	3
84	121	0	1.14134277	366.65	366.65	366.65	366.65	0	3.6665e-06	0	100	0	0	3
85	122	0	1.15493018	366.65	366.65	366.65	366.65	0	3.6665e-06	0	100	0	0	3
86	123	0	1.1685176	366.65	366.65	366.65	366.65	0	3.6665e-06	0	100	0	0	3
87	125	0	1.18210501	366.65	366.65	366.65	366.65	0	3.6665e-06	0	100	0	0	3
88	126	0	1.19569242	366.65	366.65	366.65	366.65	0	3.6665e-06	0	100	0	0	3
89	127	0	1.20927984	366.65	366.65	366.65	366.65	0	3.6665e-06	0	100	0	0	3
90	128	0	1.22286725	366.65	366.65	366.65	366.65	0	3.6665e-06	0	100	0	0	3
91	130	0	1.23645466	366.65	366.65	366.65	366.65	0	3.6665e-06	0	100	0	0	3
92	131	0	1.25004208	366.65	366.65	366.65	366.65	0	3.6665e-06	0	100	0	0	3
93	132	0	1.26362949	366.65	366.65	366.65	366.65	0	3.6665e-06	0	100	0	0	3
94	134	0	1.27721691	366.65	366.65	366.65	366.65	0	3.6665e-06	0	100	0	0	3
95	135	0	1.29080432	366.65	366.65	366.65	366.65	0	3.6665e-06	0	100	0	0	3
96	136	0	1.30439173	366.65	366.65	366.65	366.65	0	3.6665e-06	0	100	0	0	3
97	137	0	1.31797915	366.65	366.65	366.65	366.65	0	3.6665e-06	0	100	0	0	3
98	139	0	1.33156656	366.65	366.65	366.65	366.65	0	3.6665e-06	0	100	0	0	3
99	140	0	1.34515398	366.65	366.65	366.65	366.65	0	3.6665e-06	0	100	0	0	3
100	141	0	1.35874139	366.65	366.65	366.65	366.65	0	3.6665e-06	0	100	0	0	3
101	143	0	1.3723288	366.65	366.65	366.65	366.65	0	3.6665e-06	0	100	0	0	3
102	145	0	1.38591622	366.65	366.65	366.65	366.65	0	3.6665e-06	0	100	0	0	3
103	146	0	1.39950363	366.65	366.65	366.65	366.65	0	3.6665e-06	0	100	0	0	3
104	147	0	1.41309105	366.65	366.65	366.65	366.65	0	3.6665e-06	0	100	0	0	3
105	149	0	1.42667846	366.65	366.65	366.65	366.65	0	3.6665e-06	0	100	0	0	3
106	150	0	1.44026587	366.65	366.65	366.65	366.65	0	3.6665e-06	0	100	0	0	3
107	151	0	1.45385329	366.65	366.65	366.65	366.65	0	3.6665e-06	0	100	0	0	3
108	153	0	1.4674407	366.65	366.65	366.65	366.65	0	3.6665e-06	0	100	0	0	3
109	154	0	1.48102811	366.65	366.65	366.65	366.65	0	3.6665e-06	0	100	0	0	3
110	155	0	1.49461553	366.65	366.65	366.65	366.65	0	3.6665e-06	0	100	0	0	3
111	157	0	1.50820294	366.65	366.65	366.65	366.65	0	3.6665e-06	0	100	0	0	3
112	158	0	1.52179036	366.65	366.65	366.65	366.65	0	3.6665e-06	0	100	0	0	3
113	160	0	1.53537777	366.65	366.65	366.65	366.65	0	3.6665e-06	0	100	0	0	3
114	161	0	1.54896518	366.65	366.65	366.65	366.65	0	3.6665e-06	0	100	0	0	3
115	162	0	1.5625526	366.65	366.65	366.65	366.65	0	3.6665e-06	0	100	0	0	3
116	164	0	1.57614001	366.65	366.65	366.65	366.65	0	3.6665e-06	0	100	0	0	3
117	165	0	1.58972743	366.65	366.65	366.65	366.65	0	3.6665e-06	0	100	0	0	3
118	167	0	1.60331484	366.65	366.65	366.65	366.65	0	3.6665e-06	0	100	0	0	3
119	168	0	1.61690225	366.65	366.65	366.65	366.65	0	3.6665e-06	0	100	0	0	3
120	169	0	1.63048967	366.65	366.65	366.65	366.65	0	3.6665e-06	0	100	0	0	3
121	171	0	1.64407708	366.65	366.65	366.65	366.65	0	3.6665e-06	0	100	0	0	3
122	172	0	1.6576645	366.65	366.65	366.65	366.65	0	3.6665e-06	0	100	0	0	3
123	174	0	1.67125191	366.65	366.65	366.65	366.65	0	3.6665e-06	0	100	0	0	3
124	175	0	1.68483932	366.65	366.65	366.65	366.65	0	3.6665e-06	0	100	0	0	3
125	177	0	1.69842674	366.65	366.65	366.65	366.65	0	3.6665e-06	0	100	0	0	3
126	178	0	1.71201415	366.65	366.65	366.65	366.65	0	3.6665e-06	0	100	0	0	3
127	180	0	1.72560157	366.65	366.65	366.65	366.65	0	3.6665e-06	0	100	0	0	3
128	181	0	1.73918898	366.65	366.65	366.65	366.65	0	3.6665e-06	0	100	0	0	3
129	183	0	1.75277639	366.65	366.65	366.65	366.65	0	3.6665e-06	0	100	0	0	3
130	184	0	1.76636381	366.65	366.65	366.65	366.65	0	3.6665e-06	0	100	0	0	3
131	186	0	1.77995122	366.65	366.65	366.65	366.65	0	3.6665e-06	0	100	0	0	3
132	188	0	1.79353863	366.65	366.65	366.65	366.65	0	3.6665e-06	0	100	0	0	3
133	189	0	1.80712605	366.65	366.65	366.65	366.65	0	3.6665e-06	0	100	0	0	3
134	191	0	1.82071346	366.65	366.65	366.65	366.65	0	3.6665e-06	0	100	0	0	3
135	193	0	1.83430088	366.65	366.65	366.65	366.65	0	3.6665e-06	0	100	0	0	3
136	194	0	1.84788829	366.65	366.65	366.65	366.65	0	3.6665e-06	0	100	0	0	3
137	196	0	1.8614757	366.65	366.65	366.65	366.65	0	3.6665e-06	0	100	0	0	3
138	197	0	1.87506312	366.65	366.65	366.65	366.65	0	3.6665e-06	0	100	0	0	3
139	199	0	1.88865053	366.65	366.65	366.65	366.65	0	3.6665e-06	0	100	0	0	3
140	200	0	1.90223795	366.65	366.65	366.65	366.65	0	3.6665e-06	0	100	0	0	3
141	201	0	1.91582536	366.65	366.65	366.65	366.65	0	3.6665e-06	0	100	0	0	3
142	203	0	1.92941277	366.65	366.65	366.65	366.65	0	3.6665e-06	0	100	0	0	3
143	204	0	1.94300019	366.65	366.65	366.65	366.65	0	3.6665e-06	0	100	0	0	3
144	206	0	1.9565876	366.65	366.65	366.65	366.65	0	3.6665e-06	0	100	0	0	3
145	207	0	1.97017502	366.65	366.65	366.65	366.65	0	3.6665e-06	0	100	0	0	3
146	209	0	1.98376243	366.65	366.65	366.65	366.65	0	3.6665e-06	0	100	0	0	3
147	210	0	1.99734984	366.65	366.65	366.65	366.65	0	3.6665e-06	0	100	0	0	3
148	212	0	2.01093726	366.65	366.65	366.65	366.65	0	3.6665e-06	0	100	0	0	3
149	213	0	2.02452467	366.65	366.65	366.65	366.65	0	3.6665e-06	0	100	0	0	3
150	214	0	2.03811208	366.65	366.65	366.65	366.65	0	3.6665e-06	0	100	0	0	3
151	216	0	2.0516995	366.65	366.65	366.65	366.65	0	3.6665e-06	0	100	0	0	3
152	217	0	2.06528691	366.65	366.65	366.65	366.65	0	3.6665e-06	0	100	0	0	3
153	219	0	2.07887433	366.65	366.65	366.65	366.65	0	3.6665e-06	0	100	0	0	3
154	220	0	2.09246174	366.65	366.65	366.65	366.65	0	3.6665e-06	0	100	0	0	3
155	222	0	2.10604915	366.65	366.65	366.65	366.65	0	3.6665e-06	0	100	0	0	3
156	223	0	2.11963657	366.65	366.65	366.65	366.65	0	3.6665e-06	0	100	0	0	3
157	224	0	2.13322398	366.65	366.65	366.65	366.65	0	3.6665e-06	0	100	0	0	3
158	226	0	2.1468114	366.65	366.65	366.65	366.65	0	3.6665e-06	0	100	0	0	3
159	227	0	2.16039881	366.65	366.65	366.65	366.65	0	3.6665e-06	0	100	0	0	3
160	229	0	2.17398622	366.65	366.65	366.65	366.65	0	3.6665e-06	0	100	0	0	3
161	230	0	2.18757364	366.65	366.65	366.65	366.65	0	3.6665e-06	0	100	0	0	3
162	232	0	2.20116105	366.65	366.65	366.65	366.65	0	3.6665e-06	0	100	0	0	3
163	233	0	2.21474847	366.65	366.65	366.65	366.65	0	3.6665e-06	0	100	0	0	3
164	235	0	2.22833588	366.65	366.65	366.65	366.65	0	3.6665e-06	0	100	0	0	3
165	236	0	2.24192329	366.65	366.65	366.65	366.65	0	3.6665e-06	0	100	0	0	3
166	237	0	2.25551071	366.65	366.65	366.65	366.65	0	3.6665e-06	0	100	0	0	3
167	239	0	2.26909812	366.65	366.65	366.65	366.65	0	3.6665e-06	0	100	0	0	3
168	241	0	2.28268553	366.65	366.65	366.65	366.65	0	3.6665e-06	0	100	0	0	3
169	243	0	2.29627295	366.65	366.65	366.65	366.65	0	3.6665e-06	0	100	0	0	3
170	244	0	2.30986036	366.65	366.65	366.65	366.65	0	3.6665e-06	0	100	0	0	3
171	246	0	2.32344778	366.65	366.65	366.65	366.65	0	3.6665e-06	0	100	0	0	3
172	247	0	2.33703519	366.65	366.65	366.65	366.65	0	3.6665e-06	0	100	0	0	3
173	249	0	2.3506226	366.65	366.65	366.65	366.65	0	3.6665e-06	0	100	0	0	3
174	250	0	2.36421002	366.65	366.65	366.65	366.65	0	3.6665e-06	0	100	0	0	3
175	251	0	2.37779743	366.65	366.65	366.65	366.65	0	3.6665e-06	0	100	0	0	3
176	253	0	2.39138485	366.65	366.65	366.65	366.65	0	3.6665e-06	0	100	0	0	3
177	254	0	2.40497226	366.65	366.65	366.65	366.65	0	3.6665e-06	0	100	0	0	3
178	256	0	2.41855967	366.65	366.65	366.65	366.65	0	3.6665e-06	0	100	0	0	3
179	257	0	2.43214709	366.65	366.65	366.65	366.65	0	3.6665e-06	0	100	0	0	3
180	259	0	2.4457345	366.65	366.65	366.65	366.65	0	3.6665e-06	0	100	0	0	3
181	260	0	2.45932192	366.65	366.65	366.65	366.65	0	3.6665e-06	0	100	0	0	3
182	261	0	2.47290933	366.65	366.65	366.65	366.65	0	3.6665e-06	0	100	0	0	3
183	263	0	2.48649674	366.65	366.65	366.65	366.65	0	3.6665e-06	0	100	0	0	3
184	264	0	2.50008416	366.65	366.65	366.65	366.65	0	3.6665e-06	0	100	0	0	3
185	266	0	2.51367157	366.65	366.65	366.65	366.65	0	3.6665e-06	0	100	0	0	3
186	267	0	2.52725899	366.65	366.65	366.65	366.65	0	3.6665e-06	0	100	0	0	3
187	268	0	2.5408464	366.65	366.65	366.65	366.65	0	3.6665e-06	0	100	0	0	3
188	270	0	2.55443381	366.65	366.65	366.65	366.65	0	3.6665e-06	0	100	0	0	3
189	271	0	2.56802123	366.65	366.65	366.65	366.65	0	3.6665e-06	0	100	0	0	3
190	273	0	2.58160864	366.65	366.65	366.65	366.65	0	3.6665e-06	0	100	0	0	3
191	274	0	2.59519605	366.65	366.65	366.65	366.65	0	3.6665e-06	0	100	0	0	3
192	276	0	2.60878347	366.65	366.65	366.65	366.65	0	3.6665e-06	0	100	0	0	3
193	277	0	2.62237088	366.65	366.65	366.65	366.65	0	3.6665e-06	0	100	0	0	3
194	279	0	2.6359583	366.65	366.65	366.65	366.65	0	3.6665e-06	0	100	0	0	3
195	280	0	2.64954571	366.65	366.65	366.65	366.65	0	3.6665e-06	0	100	0	0	3
196	281	0	2.66313312	366.65	366.65	366.65	366.65	0	3.6665e-06	0	100	0	0	3
197	283	0	2.67672054	366.65	366.65	366.65	366.65	0	3.6665e-06	0	100	0	0	3
198	284	0	2.69030795	366.65	366.65	366.65	366.65	0	3.6665e-06	0	100	0	0	3
199	286	0	2.70389537	366.65	366.65	366.65	366.65	0	3.6665e-06	0	100	0	0	3
200	287	0	2.71748278	366.65	366.65	366.65	366.65	0	3.6665e-06	0	100	0	0	3
201	289	0	2.73107019	366.65	366.65	366.65	366.65	0	3.6665e-06	0	100	0	0	3
202	291	0	2.74465761	366.65	366.65	366.65	366.65	0	3.6665e-06	0	100	0	0	3
203	292	0	2.75824502	366.65	366.65	366.65	366.65	0	3.6665e-06	0	100	0	0	3
204	294	0	2.77183244	366.65	366.65	366.65	366.65	0	3.6665e-06	0	100	0	0	3
205	296	0	2.78541985	366.65	366.65	366.65	366.65	0	3.6665e-06	0	100	0	0	3
206	297	0	2.79900726	366.65	366.65	366.65	366.65	0	3.6665e-06	0	100	0	0	3
207	299	0	2.81259468	366.65	366.65	366.65	366.65	0	3.6665e-06	0	100	0	0	3
208	301	0	2.82618209	366.65	366.65	366.65	366.65	0	3.6665e-06	0	100	0	0	3
209	302	0	2.8397695	366.65	366.65	366.65	366.65	0	3.6665e-06	0	100	0	0	3
210	304	0	2.85335692	366.65	366.65	366.65	366.65	0	3.6665e-06	0	100	0	0	3
211	305	0	2.86694433	366.65	366.65	366.65	366.65	0	3.6665e-06	0	100	0	0	3
212	307	0	2.88053175	366.65	366.65	366.65	366.65	0	3.6665e-06	0	100	0	0	3
213	308	0	2.89411916	366.65	366.65	366.65	366.65	0	3.6665e-06	0	100	0	0	3
214	310	0	2.90770657	366.65	366.65	366.65	366.65	0	3.6665e-06	0	100	0	0	3
215	311	0	2.92129399	366.65	366.65	366.65	366.65	0	3.6665e-06	0	100	0	0	3
216	312	0	2.9348814	366.65	366.65	366.65	366.65	0	3.6665e-06	0	100	0	0	3
217	314	0	2.94846882	366.65	366.65	366.65	366.65	0	3.6665e-06	0	100	0	0	3
218	315	0	2.96205623	366.65	366.65	366.65	366.65	0	3.6665e-06	0	100	0	0	3
219	317	0	2.97564364	366.65	366.65	366.65	366.65	0	3.6665e-06	0	100	0	0	3
220	318	0	2.98923106	366.65	366.65	366.65	366.65	0	3.6665e-06	0	100	0	0	3
221	320	0	3.00281847	366.65	366.65	366.65	366.65	0	3.6665e-06	0	100	0	0	3
222	321	0	3.01640589	366.65	366.65	366.65	366.65	0	3.6665e-06	0	100	0	0	3
223	322	0	3.0299933	366.65	366.65	366.65	366.65	0	3.6665e-06	0	100	0	0	3
224	324	0	3.04358071	366.65	366.65	366.65	366.65	0	3.6665e-06	0	100	0	0	3
225	325	0	3.05716813	366.65	366.65	366.65	366.65	0	3.6665e-06	0	100	0	0	3
226	327	0	3.07075554	366.65	366.65	366.65	366.65	0	3.6665e-06	0	100	0	0	3
227	328	0	3.08434295	366.65	366.65	366.65	366.65	0	3.6665e-06	0	100	0	0	3
228	330	0	3.09793037	366.65	366.65	366.65	366.65	0	3.6665e-06	0	100	0	0	3
229	331	0	3.11151778	366.65	366.65	366.65	366.65	0	3.6665e-06	0	100	0	0	3
230	332	0	3.1251052	366.65	366.65	366.65	366.65	0	3.6665e-06	0	100	0	0	3
231	334	0	3.13869261	366.65	366.65	366.65	366.65	0	3.6665e-06	0	100	0	0	3
232	335	0	3.15228002	366.65	366.65	366.65	366.65	0	3.6665e-06	0	100	0	0	3
233	337	0	3.16586744	366.65	366.65	366.65	366.65	0	3.6665e-06	0	100	0	0	3
234	338	0	3.17945485	366.65	366.65	366.65	366.65	0	3.6665e-06	0	100	0	0	3
235	340	0	3.19304227	366.65	366.65	366.65	366.65	0	3.6665e-06	0	100	0	0	3
236	341	0	3.20662968	366.65	366.65	366.65	366.65	0	3.6665e-06	0	100	0	0	3
237	342	0	3.22021709	366.65	366.65	366.65	366.65	0	3.6665e-06	0	100	0	0	3
238	344	0	3.23380451	366.65	366.65	366.65	366.65	0	3.6665e-06	0	100	0	0	3
239	345	0	3.24739192	366.65	366.65	366.65	366.65	0	3.6665e-06	0	100	0	0	3
240	347	0	3.26097934	366.65	366.65	366.65	366.65	0	3.6665e-06	0	100	0	0	3
241	348	0	3.27456675	366.65	366.65	366.65	366.65	0	3.6665e-06	0	100	0	0	3
242	350	0	3.28815416	366.65	366.65	366.65	366.65	0	3.6665e-06	0	100	0	0	3
243	351	0	3.30174158	366.65	366.65	366.65	366.65	0	3.6665e-06	0	100	0	0	3
244	352	0	3.31532899	366.65	366.65	366.65	366.65	0	3.6665e-06	0	100	0	0	3
245	354	0	3.32891641	366.65	366.65	366.65	366.65	0	3.6665e-06	0	100	0	0	3
246	355	0	3.34250382	366.65	366.65	366.65	366.65	0	3.6665e-06	0	100	0	0	3
247	357	0	3.35609123	366.65	366.65	366.65	366.65	0	3.6665e-06	0	100	0	0	3
248	358	0	3.36967865	366.65	366.65	366.65	366.65	0	3.6665e-06	0	100	0	0	3
249	360	0	3.38326606	366.65	366.65	366.65	366.65	0	3.6665e-06	0	100	0	0	3
250	361	0	3.39685347	366.65	366.65	366.65	366.65	0	3.6665e-06	0	100	0	0	3
251	363	0	3.41044089	366.65	366.65	366.65	366.65	0	3.6665e-06	0	100	0	0	3
252	364	0	3.4240283	366.65	366.65	366.65	366.65	0	3.6665e-06	0	100	0	0	3
253	366	0	3.43761572	366.65	366.65	366.65	366.65	0	3.6665e-06	0	100	0	0	3
254	367	0	3.45120313	366.65	366.65	366.65	366.65	0	3.6665e-06	0	100	0	0	3
255	369	0	3.46479054	366.65	366.65	366.65	366.65	0	3.6665e-06	0	100	0	0	3
256	371	0	3.47837796	366.65	366.65	366.65	366.65	0	3.6665e-06	0	100	0	0	3
257	372	0	3.49196537	366.65	366.65	366.65	366.65	0	3.6665e-06	0	100	0	0	3
258	373	0	3.50555279	366.65	366.65	366.65	366.65	0	3.6665e-06	0	100	0	0	3
259	375	0	3.5191402	366.65	366.65	366.65	366.65	0	3.6665e-06	0	100	0	0	3
260	376	0	3.53272761	366.65	366.65	366.65	366.65	0	3.6665e-06	0	100	0	0	3
261	378	0	3.54631503	366.65	366.65	366.65	366.65	0	3.6665e-06	0	100	0	0	3
262	379	0	3.55990244	366.65	366.65	366.65	366.65	0	3.6665e-06	0	100	0	0	3
263	381	0	3.57348986	366.65	366.65	366.65	366.65	0	3.6665e-06	0	100	0	0	3
264	382	0	3.58707727	366.65	366.65	366.65	366.65	0	3.6665e-06	0	100	0	0	3
265	384	0	3.60066468	366.65	366.65	366.65	366.65	0	3.6665e-06	0	100	0	0	3
266	385	0	3.6142521	366.65	366.65	366.65	366.65	0	3.6665e-06	0	100	0	0	3
267	386	0	3.62783951	366.65	366.65	366.65	366.65	0	3.6665e-06	0	100	0	0	3
268	388	0	3.64142692	366.65	366.65	366.65	366.65	0	3.6665e-06	0	100	0	0	3
269	389	0	3.65501434	366.65	366.65	366.65	366.65	0	3.6665e-06	0	100	0	0	3
270	391	0	3.66860175	366.65	366.65	366.65	366.65	0	3.6665e-06	0	100	0	0	3
271	392	0	3.68218917	366.65	366.65	366.65	366.65	0	3.6665e-06	0	100	0	0	3
272	394	0	3.69577658	366.65	366.65	366.65	366.65	0	3.6665e-06	0	100	0	0	3
273	395	0	3.70936399	366.65	366.65	366.65	366.65	0	3.6665e-06	0	100	0	0	3
274	397	0	3.72295141	366.65	366.65	366.65	366.65	0	3.6665e-06	0	100	0	0	3
275	398	0	3.73653882	366.65	366.65	366.65	366.65	0	3.6665e-06	0	100	0	0	3
276	400	0	3.75012624	366.65	366.65	366.65	366.65	0	3.6665e-06	0	100	0	0	3
277	401	0	3.76371365	366.65	366.65	366.65	366.65	0	3.6665e-06	0	100	0	0	3
278	402	0	3.77730106	366.65	366.65	366.65	366.65	0	3.6665e-06	0	100	0	0	3
279	404	0	3.79088848	366.65	366.65	366.65	366.65	0	3.6665e-06	0	100	0	0	3
280	405	0	3.80447589	366.65	366.65	366.65	366.65	0	3.6665e-06	0	100	0	0	3
281	407	0	3.81806331	366.65	366.65	366.65	366.65	0	3.6665e-06	0	100	0	0	3
282	408	0	3.83165072	366.65	366.65	366.65	366.65	0	3.6665e-06	0	100	0	0	3
283	410	0	3.84523813	366.65	366.65	366.65	366.65	0	3.6665e-06	0	100	0	0	3
284	411	0	3.85882555	366.65	366.65	366.65	366.65	0	3.6665e-06	0	100	0	0	3
285	413	0	3.87241296	366.65	366.65	366.65	366.65	0	3.6665e-06	0	100	0	0	3
286	414	0	3.88600037	366.65	366.65	366.65	366.65	0	3.6665e-06	0	100	0	0	3
287	415	0	3.89958779	366.65	366.65	366.65	366.65	0	3.6665e-06	0	100	0	0	3
288	417	0	3.9131752	366.65	366.65	366.65	366.65	0	3.6665e-06	0	100	0	0	3
289	418	0	3.92676262	366.65	366.65	366.65	366.65	0	3.6665e-06	0	100	0	0	3
290	420	0	3.94035003	366.65	366.65	366.65	366.65	0	3.6665e-06	0	100	0	0	3
291	421	0	3.95393744	366.65	366.65	366.65	366.65	0	3.6665e-06	0	100	0	0	3
292	423	0	3.96752486	366.65	366.65	366.65	366.65	0	3.6665e-06	0	100	0	0	3
293	424	0	3.98111227	366.65	366.65	366.65	366.65	0	3.6665e-06	0	100	0	0	3
294	426	0	3.99469969	366.65	366.65	366.65	366.65	0	3.6665e-06	0	100	0	0	3
295	427	0	4.0082871	366.65	366.65	366.65	366.65	0	3.6665e-06	0	100	0	0	3
