Iteration	CPUTime	PhysTime	Travels	Value	AvValue	MinValue	MaxValue	Delta	Criteria	PrevAvRefValue	Progress	CriteriaType	CriteriaVarType	CriteriaPercentage
1	9	0	0.0135874139	293.199235	293.199235	293.199235	293.199235	0	0	0	0	0	0	3
2	10	0	0.0271748278	293.199343	293.199289	293.199235	293.199343	5.42608518e-05	0	0	0	0	0	3
3	12	0	0.0407622417	293.199387	293.199322	293.199235	293.199387	8.70862021e-05	0	0	0	0	0	3
4	13	0	0.0543496556	293.199437	293.199351	293.199235	293.199437	0.000115949411	0	0	0	0	0	3
5	15	0	0.0679370695	293.199452	293.199371	293.199235	293.199452	0.000136183563	0	0	0	0	0	3
6	17	0	0.0815244834	293.19948	293.199389	293.199235	293.19948	0.000154330756	0	0	0	0	0	3
7	19	0	0.0951118973	293.199483	293.199402	293.199235	293.199483	0.000167758312	0	0	0	0	0	3
8	20	0	0.108699311	293.199503	293.199415	293.199235	293.199503	0.000180375741	0	0	0	0	0	3
9	22	0	0.122286725	293.199524	293.199427	293.199235	293.199524	0.000192506913	0	0	0	0	0	3
10	23	0	0.135874139	293.199568	293.199441	293.199235	293.199568	0.000206618691	0	0	0	0	0	3
11	25	0	0.149461553	293.199628	293.199458	293.199235	293.199628	0.000223557184	0	0	0	0	0	3
12	26	0	0.163048967	293.19972	293.19948	293.199235	293.19972	0.000245350449	0	0	0	0	0	3
13	27	0	0.176636381	293.199811	293.199505	293.199235	293.199811	0.000270841338	0	0	0	0	0	3
14	29	0	0.190223795	293.199918	293.199535	293.199235	293.199918	0.000300300452	0	0	0	0	0	3
15	30	0	0.203811208	293.200017	293.199567	293.199235	293.200017	0.000332423584	0	0	0	0	0	3
16	32	0	0.217398622	293.200162	293.199604	293.199235	293.200162	0.000369630822	0	0	0	0	0	3
17	33	0	0.230986036	293.200294	293.199645	293.199235	293.200294	0.000410223013	0	0	0	0	0	3
18	34	0	0.24457345	293.200414	293.199688	293.199235	293.200414	0.000452973866	0	0	0	0	0	3
19	36	0	0.258160864	293.200522	293.199731	293.199235	293.200522	0.000496879898	0	0	0	0	0	3
20	37	0	0.271748278	293.200619	293.199776	293.199235	293.200619	0.00054125856	0	0	0	0	0	3
21	39	0	0.285335692	293.200744	293.199822	293.199235	293.200744	0.000587368204	0	0	0	0	0	3
22	40	0	0.298923106	293.200855	293.199869	293.199235	293.200855	0.000634340415	0	0	0	0	0	3
23	41	0	0.31251052	293.200955	293.199916	293.199235	293.200955	0.000681540616	0	0	0	0	0	3
24	42	0	0.326097934	293.201045	293.199963	293.199235	293.201045	0.000728589309	0	0	0	0	0	3
25	44	0	0.339685347	293.20113	293.20001	293.199235	293.20113	0.000775282406	0	0	0	0	0	3
26	45	0	0.353272761	293.201247	293.200057	293.199235	293.201247	0.000822881735	0	0	0	0	0	3
27	46	0	0.366860175	293.201359	293.200106	293.199235	293.201359	0.000871102577	0	0	0	0	0	3
28	48	0	0.380447589	293.201469	293.200154	293.199235	293.201469	0.00091980127	0	0	0	0	0	3
29	49	0	0.394035003	293.201576	293.200203	293.199235	293.201576	0.000968820094	0	0	0	0	0	3
30	51	0	0.407622417	293.201678	293.200253	293.199235	293.201678	0.00101796401	0	0	0	0	0	3
31	52	0	0.421209831	293.201828	293.200303	293.199235	293.201828	0.0010687976	0	0	0	0	0	3
32	53	0	0.434797245	293.20198	293.200356	293.199235	293.20198	0.00112119871	0	0	0	0	0	3
33	55	0	0.448384659	293.202128	293.200409	293.199235	293.202128	0.00117489937	0	0	0	0	0	3
34	56	0	0.461972073	293.202272	293.200464	293.199235	293.202272	0.00122968304	0	0	0	0	0	3
35	57	0	0.475559486	293.202415	293.20052	293.199235	293.202415	0.00128540661	0	0	0	0	0	3
36	59	0	0.4891469	293.202626	293.200578	293.199235	293.202626	0.00134391324	0	0	0	0	0	3
37	60	0	0.502734314	293.20283	293.200639	293.199235	293.20283	0.00140477355	0	0	0	0	0	3
38	61	0	0.516321728	293.203023	293.200742	293.199343	293.203023	0.00145291428	0	0	0	0	0	3
39	62	0	0.529909142	293.203213	293.200846	293.199387	293.203213	0.00152467613	0	0	0	0	0	3
40	64	0	0.543496556	293.203404	293.200955	293.199437	293.203404	0.00160437778	0	0	0	0	0	3
41	65	0	0.55708397	293.203672	293.201069	293.199452	293.203672	0.00169858787	0	0	0	0	0	3
42	66	0	0.570671384	293.203928	293.20119	293.19948	293.203928	0.00180143076	0	0	0	0	0	3
43	67	0	0.584258798	293.20418	293.201317	293.199483	293.20418	0.00191503479	0	0	0	0	0	3
44	69	0	0.597846212	293.204426	293.201451	293.199503	293.204426	0.00203601767	0	0	0	0	0	3
45	70	0	0.611433625	293.204669	293.201591	293.199524	293.204669	0.00216349821	0	0	0	0	0	3
46	71	0	0.625021039	293.204905	293.201736	293.199568	293.204905	0.00229481651	0	0	0	0	0	3
47	73	0	0.638608453	293.205137	293.201887	293.199628	293.205137	0.00242839743	0	0	0	0	0	3
48	74	0	0.652195867	293.205367	293.202042	293.19972	293.205367	0.00256173804	0	0	0	0	0	3
49	75	0	0.665783281	293.205591	293.2022	293.199811	293.205591	0.0026949452	0	0	0	0	0	3
50	77	0	0.679370695	293.205814	293.202363	293.199918	293.205814	0.00282771612	0	0	0	0	0	3
51	78	0	0.692958109	293.206026	293.202528	293.200017	293.206026	0.00296067982	0	0	0	0	0	3
52	79	0	0.706545523	293.206238	293.202696	293.200162	293.206238	0.00309162262	0	0	0	0	0	3
53	80	0	0.720132937	293.206444	293.202866	293.200294	293.206444	0.00322080688	0	0	0	0	0	3
54	82	0	0.733720351	293.206649	293.203037	293.200414	293.206649	0.00334981735	0	0	0	0	0	3
55	83	0	0.747307764	293.206848	293.203211	293.200522	293.206848	0.00347980328	0	0	0	0	0	3
56	84	0	0.760895178	293.207046	293.203388	293.200619	293.207046	0.00361175072	0	0	0	0	0	3
57	86	0	0.774482592	293.207237	293.203566	293.200744	293.207237	0.00374451337	0	0	0	0	0	3
58	87	0	0.788070006	293.207422	293.203747	293.200855	293.207422	0.00387802978	0	0	0	0	0	3
59	88	0	0.80165742	293.20761	293.203929	293.200955	293.20761	0.00401338601	0	0	0	0	0	3
60	90	0	0.815244834	293.207793	293.204114	293.201045	293.207793	0.00415116533	0	0	0	0	0	3
61	91	0	0.828832248	293.207975	293.204302	293.20113	293.207975	0.0042917661	0	0	0	0	0	3
62	92	0	0.842419662	293.208153	293.204491	293.201247	293.208153	0.00443395555	0	0	0	0	0	3
63	93	0	0.856007076	293.208325	293.204683	293.201359	293.208325	0.00457702448	0	0	0	0	0	3
64	95	0	0.869594489	293.208495	293.204876	293.201469	293.208495	0.00472116824	0	0	0	0	0	3
65	96	0	0.883181903	293.208662	293.20507	293.201576	293.208662	0.00486654064	0	0	0	0	0	3
66	97	0	0.896769317	293.208825	293.205266	293.201678	293.208825	0.00501333121	0	0	0	0	0	3
67	99	0	0.910356731	293.208986	293.205463	293.201828	293.208986	0.00516002206	0	0	0	0	0	3
68	100	0	0.923944145	293.209145	293.205661	293.20198	293.209145	0.00530536025	0	0	0	0	0	3
69	101	0	0.937531559	293.2093	293.205859	293.202128	293.2093	0.00544948312	0	0	0	0	0	3
70	103	0	0.951118973	293.209446	293.206057	293.202272	293.209446	0.00559249575	0	0	0	0	0	3
71	104	0	0.964706387	293.209598	293.206255	293.202415	293.209598	0.00573475602	0	0	0	0	0	3
72	105	0	0.978293801	293.20974	293.206453	293.202626	293.20974	0.00587422183	0	0	0	0	0	3
73	106	0	0.991881215	293.209883	293.206649	293.20283	293.209883	0.00600948195	0	0	0	0	0	3
74	108	0	1.00546863	293.210015	293.206843	293.203023	293.210015	0.00610127339	0.000318844481	0	0	0	0	3
75	109	0	1.01905604	293.210155	293.207036	293.203213	293.210155	0.00618943928	0.00032303958	0	0	0	0	3
76	110	0	1.03264346	293.210283	293.207227	293.203404	293.210283	0.00627196083	0.000324955421	0	0	0	0	3
77	112	0	1.04623087	293.210419	293.207416	293.203672	293.210419	0.00634709427	0.000326451667	0	0	0	0	3
78	113	0	1.05981828	293.210542	293.207602	293.203928	293.210542	0.00641180311	0.00032801912	0	0	0	0	3
79	114	0	1.0734057	293.210671	293.207784	293.20418	293.210671	0.00646700981	0.000329564315	0	0	0	0	3
80	116	0	1.08699311	293.210797	293.207963	293.204426	293.210797	0.00637124549	0.000331209213	0	0	0	0	3
81	117	0	1.10058053	293.210919	293.208139	293.204669	293.210919	0.00625020951	0.000332818653	0	0	0	0	3
82	118	0	1.11416794	293.211038	293.208311	293.204905	293.211038	0.00613312577	0.000334393965	0	0	0	0	3
83	119	0	1.12775535	293.211155	293.20848	293.205137	293.211155	0.00601800423	0.000335863156	0	0	0	0	3
84	121	0	1.14134277	293.211272	293.208646	293.205367	293.211272	0.00590413789	0.000337209114	0	0	0	0	3
85	122	0	1.15493018	293.211384	293.208808	293.205591	293.211384	0.00579233099	0.000338365082	0	0	0	0	3
86	123	0	1.1685176	293.211491	293.208968	293.205814	293.211491	0.0056771425	0.000339367126	0	0	0	0	3
87	125	0	1.18210501	293.211603	293.209124	293.206026	293.211603	0.00557685548	0.000340227505	0	0	0	0	3
88	126	0	1.19569242	293.211715	293.209278	293.206238	293.211715	0.00547676614	0.000340993364	0	0	0	0	3
89	127	0	1.20927984	293.211826	293.209429	293.206444	293.211826	0.00538218949	0.000341588309	0	0	0	0	3
90	128	0	1.22286725	293.211937	293.209577	293.206649	293.211937	0.00528800619	0.000342069993	0	0	0	0	3
91	130	0	1.23645466	293.212048	293.209723	293.206848	293.212048	0.00519928683	0.000342477563	0	0	0	0	3
92	131	0	1.25004208	293.212156	293.209867	293.207046	293.212156	0.00511025304	0.000342841563	0	0	0	0	3
93	132	0	1.26362949	293.21226	293.210008	293.207237	293.21226	0.00502271253	0.000343177777	0	0	0	0	3
94	134	0	1.27721691	293.212363	293.210146	293.207422	293.212363	0.00494103711	0.000343447562	0	0	0	0	3
95	135	0	1.29080432	293.212469	293.210283	293.20761	293.212469	0.00485956604	0.000343684565	0	0	0	0	3
96	136	0	1.30439173	293.212573	293.210417	293.207793	293.212573	0.00478008691	0.000343906253	0	0	0	0	3
97	137	0	1.31797915	293.212674	293.210549	293.207975	293.212674	0.00469929806	0.000344122291	0	0	0	0	3
98	139	0	1.33156656	293.21277	293.210678	293.208153	293.21277	0.00461773934	0.000344333767	0	0	0	0	3
99	140	0	1.34515398	293.21287	293.210806	293.208325	293.21287	0.00454492136	0.000344507588	0	0	0	0	3
100	141	0	1.35874139	293.212968	293.210931	293.208495	293.212968	0.00447334602	0.000344651739	0	0	0	0	3
101	143	0	1.3723288	293.213061	293.211055	293.208662	293.213061	0.00439962494	0.000344766971	0	0	0	0	3
102	145	0	1.38591622	293.213157	293.211176	293.208825	293.213157	0.00433128524	0.000344861931	0	0	0	0	3
103	146	0	1.39950363	293.21325	293.211296	293.208986	293.21325	0.00426381761	0.000344941404	0	0	0	0	3
104	147	0	1.41309105	293.213343	293.211413	293.209145	293.213343	0.00419788453	0.000344957596	0	0	0	0	3
105	149	0	1.42667846	293.213433	293.211529	293.2093	293.213433	0.00413300363	0.000344912971	0	0	0	0	3
106	150	0	1.44026587	293.213526	293.211644	293.209446	293.213526	0.00407924294	0.00034481979	0	0	0	0	3
107	151	0	1.45385329	293.213619	293.211756	293.209598	293.213619	0.00402104698	0.000344685659	0	0	0	0	3
108	153	0	1.4674407	293.213708	293.211867	293.20974	293.213708	0.00396850991	0.00034451269	0	0	0	0	3
109	154	0	1.48102811	293.213794	293.211977	293.209883	293.213794	0.00391165159	0.000344242134	0	0	0	0	3
110	155	0	1.49461553	293.213882	293.212085	293.210015	293.213882	0.00386637754	0.000343889452	0	0	0	0	3
111	157	0	1.50820294	293.213967	293.212192	293.210155	293.213967	0.00381206933	0.000343468602	0	0	0	0	3
112	158	0	1.52179036	293.214052	293.212297	293.210283	293.214052	0.00376879824	0.000342987056	0	0	0	0	3
113	160	0	1.53537777	293.214134	293.212401	293.210419	293.214134	0.00371526559	0.000342446085	0	0	0	0	3
114	161	0	1.54896518	293.214221	293.212504	293.210542	293.214221	0.00367817622	0.000341796711	0	0	0	0	3
115	162	0	1.5625526	293.214303	293.212606	293.210671	293.214303	0.00363208294	0.000341051595	0	0	0	0	3
116	164	0	1.57614001	293.214384	293.212706	293.210797	293.214384	0.00358630589	0.000340219784	0	0	0	0	3
117	165	0	1.58972743	293.214463	293.212805	293.210919	293.214463	0.00354373958	0.000339310077	0	0	0	0	3
118	167	0	1.60331484	293.214543	293.212903	293.211038	293.214543	0.00350436429	0.000338330503	0	0	0	0	3
119	168	0	1.61690225	293.214619	293.213	293.211155	293.214619	0.00346322311	0.000337287782	0	0	0	0	3
120	169	0	1.63048967	293.214698	293.213096	293.211272	293.214698	0.00342675599	0.000336190839	0	0	0	0	3
121	171	0	1.64407708	293.214773	293.21319	293.211384	293.214773	0.00338941039	0.000335041512	0	0	0	0	3
122	172	0	1.6576645	293.214845	293.213284	293.211491	293.214845	0.00335436734	0.000333845136	0	0	0	0	3
123	174	0	1.67125191	293.214919	293.213376	293.211603	293.214919	0.00331659164	0.00033260688	0	0	0	0	3
124	175	0	1.68483932	293.214995	293.213468	293.211715	293.214995	0.00328035162	0.000331336343	0	0	0	0	3
125	177	0	1.69842674	293.215064	293.213559	293.211826	293.215064	0.00323791003	0.00033003124	0	0	0	0	3
126	178	0	1.71201415	293.215134	293.213648	293.211937	293.215134	0.00319699515	0.000328698177	0	0	0	0	3
127	180	0	1.72560157	293.215207	293.213736	293.212048	293.215207	0.003159389	0.000327340221	0	0	0	0	3
128	181	0	1.73918898	293.215277	293.213824	293.212156	293.215277	0.00312128729	0.000325961173	0	0	0	0	3
129	183	0	1.75277639	293.215347	293.21391	293.21226	293.215347	0.00308724589	0.00032456266	0	0	0	0	3
130	184	0	1.76636381	293.215417	293.213995	293.212363	293.215417	0.0030537216	0.000323148865	0	0	0	0	3
131	186	0	1.77995122	293.215482	293.21408	293.212469	293.215482	0.00301218928	0.000321721407	0	0	0	0	3
132	188	0	1.79353863	293.215553	293.214163	293.212573	293.215553	0.00297961066	0.000320282901	0	0	0	0	3
133	189	0	1.80712605	293.215619	293.214245	293.212674	293.215619	0.00294488162	0.000318844481	0	0	0	0	3
134	191	0	1.82071346	293.215685	293.214327	293.21277	293.215685	0.00291448636	0.000318844481	0	0	0	0	3
135	193	0	1.83430088	293.215749	293.214407	293.21287	293.215749	0.00287858061	0.000318844481	0	0	0	0	3
136	194	0	1.84788829	293.215815	293.214487	293.212968	293.215815	0.00284694381	0.000318844481	0	0	0	0	3
137	196	0	1.8614757	293.215878	293.214565	293.213061	293.215878	0.00281638043	0.000318844481	0	0	0	0	3
138	197	0	1.87506312	293.215941	293.214643	293.213157	293.215941	0.00278376392	0.000318844481	0	0	0	0	3
139	199	0	1.88865053	293.216002	293.21472	293.21325	293.216002	0.00275200018	0.000318844481	0	0	0	0	3
140	200	0	1.90223795	293.216063	293.214796	293.213343	293.216063	0.00272008489	0.000318844481	0	0	0	0	3
141	201	0	1.91582536	293.216123	293.214871	293.213433	293.216123	0.00268982426	0.000318844481	0	0	0	0	3
142	203	0	1.92941277	293.216184	293.214946	293.213526	293.216184	0.00265881901	0.000318844481	0	0	0	0	3
143	204	0	1.94300019	293.216241	293.215019	293.213619	293.216241	0.00262241434	0.000318844481	0	0	0	0	3
144	206	0	1.9565876	293.2163	293.215091	293.213708	293.2163	0.00259177313	0.000318844481	0	0	0	0	3
145	207	0	1.97017502	293.216356	293.215163	293.213794	293.216356	0.00256138593	0.000318844481	0	0	0	0	3
146	209	0	1.98376243	293.21641	293.215234	293.213882	293.21641	0.00252786557	0.000318844481	0	0	0	0	3
147	210	0	1.99734984	293.216465	293.215303	293.213967	293.216465	0.00249799088	0.000318844481	0	0	0	0	3
148	212	0	2.01093726	293.216522	293.215372	293.214052	293.216522	0.0024704092	0.000318844481	0	0	0	0	3
149	213	0	2.02452467	293.216577	293.215441	293.214134	293.216577	0.00244317581	0.000318844481	0	0	0	0	3
150	214	0	2.03811208	293.21663	293.215508	293.214221	293.21663	0.00240950159	0.000318844481	0	0	0	0	3
151	216	0	2.0516995	293.216683	293.215575	293.214303	293.216683	0.00238017831	0.000318844481	0	0	0	0	3
152	217	0	2.06528691	293.216734	293.21564	293.214384	293.216734	0.00234995912	0.000318844481	0	0	0	0	3
153	219	0	2.07887433	293.216783	293.215705	293.214463	293.216783	0.00232032152	0.000318844481	0	0	0	0	3
154	220	0	2.09246174	293.216834	293.215769	293.214543	293.216834	0.00229161388	0.000318844481	0	0	0	0	3
155	222	0	2.10604915	293.216887	293.215833	293.214619	293.216887	0.00226876396	0.000318844481	0	0	0	0	3
156	223	0	2.11963657	293.216936	293.215895	293.214698	293.216936	0.00223727997	0.000318844481	0	0	0	0	3
157	224	0	2.13322398	293.216982	293.215957	293.214773	293.216982	0.00220879052	0.000318844481	0	0	0	0	3
158	226	0	2.1468114	293.217031	293.216018	293.214845	293.217031	0.00218567013	0.000318844481	0	0	0	0	3
159	227	0	2.16039881	293.21708	293.216079	293.214919	293.21708	0.00216007394	0.000318844481	0	0	0	0	3
160	229	0	2.17398622	293.217128	293.216138	293.214995	293.217128	0.0021321792	0.000318844481	0	0	0	0	3
161	230	0	2.18757364	293.217171	293.216197	293.215064	293.217171	0.0021069404	0.000318844481	0	0	0	0	3
162	232	0	2.20116105	293.217218	293.216255	293.215134	293.217218	0.00208357217	0.000318844481	0	0	0	0	3
163	233	0	2.21474847	293.217265	293.216313	293.215207	293.217265	0.00205759174	0.000318844481	0	0	0	0	3
164	235	0	2.22833588	293.217309	293.21637	293.215277	293.217309	0.0020312192	0.000318844481	0	0	0	0	3
165	236	0	2.24192329	293.217352	293.216426	293.215347	293.217352	0.00200510066	0.000318844481	0	0	0	0	3
166	237	0	2.25551071	293.217395	293.216481	293.215417	293.217395	0.00197781788	0.000318844481	0	0	0	0	3
167	239	0	2.26909812	293.217437	293.216536	293.215482	293.217437	0.00195529744	0.000318844481	0	0	0	0	3
168	241	0	2.28268553	293.217482	293.21659	293.215553	293.217482	0.00192916077	0.000318844481	0	0	0	0	3
169	243	0	2.29627295	293.217524	293.216643	293.215619	293.217524	0.00190433598	0.000318844481	0	0	0	0	3
170	244	0	2.30986036	293.217567	293.216696	293.215685	293.217567	0.00188216111	0.000318844481	0	0	0	0	3
171	246	0	2.32344778	293.217607	293.216748	293.215749	293.217607	0.00185856504	0.000318844481	0	0	0	0	3
172	247	0	2.33703519	293.217648	293.216799	293.215815	293.217648	0.00183347734	0.000318844481	0	0	0	0	3
173	249	0	2.3506226	293.217688	293.216849	293.215878	293.217688	0.00180986156	0.000318844481	0	0	0	0	3
174	250	0	2.36421002	293.217726	293.216899	293.215941	293.217726	0.00178540646	0.000318844481	0	0	0	0	3
175	251	0	2.37779743	293.217766	293.216949	293.216002	293.217766	0.00176380031	0.000318844481	0	0	0	0	3
176	253	0	2.39138485	293.217806	293.216998	293.216063	293.217806	0.00174344617	0.000318844481	0	0	0	0	3
177	254	0	2.40497226	293.217846	293.217046	293.216123	293.217846	0.00172331043	0.000318844481	0	0	0	0	3
178	256	0	2.41855967	293.217885	293.217093	293.216184	293.217885	0.00170020607	0.000318844481	0	0	0	0	3
179	257	0	2.43214709	293.217926	293.21714	293.216241	293.217926	0.00168520394	0.000318844481	0	0	0	0	3
180	259	0	2.4457345	293.217964	293.217187	293.2163	293.217964	0.0016646081	0.000318844481	0	0	0	0	3
181	260	0	2.45932192	293.217998	293.217233	293.216356	293.217998	0.00164194871	0.000318844481	0	0	0	0	3
182	261	0	2.47290933	293.218036	293.217278	293.21641	293.218036	0.00162662844	0.000318844481	0	0	0	0	3
183	263	0	2.48649674	293.218071	293.217323	293.216465	293.218071	0.00160610889	0.000318844481	0	0	0	0	3
184	264	0	2.50008416	293.218107	293.217368	293.216522	293.218107	0.00158465943	0.000318844481	0	0	0	0	3
185	266	0	2.51367157	293.218141	293.217411	293.216577	293.218141	0.00156396111	0.000318844481	0	0	0	0	3
186	267	0	2.52725899	293.218178	293.217455	293.21663	293.218178	0.00154804633	0.000318844481	0	0	0	0	3
187	268	0	2.5408464	293.218213	293.217497	293.216683	293.218213	0.00152919486	0.000318844481	0	0	0	0	3
188	270	0	2.55443381	293.218248	293.21754	293.216734	293.218248	0.00151410672	0.000318844481	0	0	0	0	3
189	271	0	2.56802123	293.218283	293.217582	293.216783	293.218283	0.00150025502	0.000318844481	0	0	0	0	3
190	273	0	2.58160864	293.218316	293.217623	293.216834	293.218316	0.00148137144	0.000318844481	0	0	0	0	3
191	274	0	2.59519605	293.21835	293.217664	293.216887	293.21835	0.00146273834	0.000318844481	0	0	0	0	3
192	276	0	2.60878347	293.218385	293.217704	293.216936	293.218385	0.00144901193	0.000318844481	0	0	0	0	3
193	277	0	2.62237088	293.218418	293.217744	293.216982	293.218418	0.00143625317	0.000318844481	0	0	0	0	3
194	279	0	2.6359583	293.218454	293.217784	293.217031	293.218454	0.00142260752	0.000318844481	0	0	0	0	3
195	280	0	2.64954571	293.218484	293.217823	293.21708	293.218484	0.00140408854	0.000318844481	0	0	0	0	3
196	281	0	2.66313312	293.218516	293.217862	293.217128	293.218516	0.00138822712	0.000318844481	0	0	0	0	3
197	283	0	2.67672054	293.218548	293.217901	293.217171	293.218548	0.00137664076	0.000318844481	0	0	0	0	3
198	284	0	2.69030795	293.218578	293.217939	293.217218	293.218578	0.00135976063	0.000318844481	0	0	0	0	3
199	286	0	2.70389537	293.218604	293.217976	293.217265	293.218604	0.0013396333	0.000318844481	0	0	0	0	3
200	287	0	2.71748278	293.218636	293.218013	293.217309	293.218636	0.00132781076	0.000318844481	0	0	0	0	3
201	289	0	2.73107019	293.218667	293.21805	293.217352	293.218667	0.00131482761	0.000318844481	0	0	0	0	3
202	291	0	2.74465761	293.218696	293.218086	293.217395	293.218696	0.00130117451	0.000318844481	0	0	0	0	3
203	292	0	2.75824502	293.218723	293.218122	293.217437	293.218723	0.00128584915	0.000318844481	0	0	0	0	3
204	294	0	2.77183244	293.218756	293.218158	293.217482	293.218756	0.00127353487	0.000318844481	0	0	0	0	3
205	296	0	2.78541985	293.218784	293.218193	293.217524	293.218784	0.00125994208	0.000318844481	0	0	0	0	3
206	297	0	2.79900726	293.218812	293.218228	293.217567	293.218812	0.00124488294	0.000318844481	0	0	0	0	3
207	299	0	2.81259468	293.218841	293.218262	293.217607	293.218841	0.00123395056	0.000318844481	0	0	0	0	3
208	301	0	2.82618209	293.218871	293.218296	293.217648	293.218871	0.00122297763	0.000318844481	0	0	0	0	3
209	302	0	2.8397695	293.218898	293.21833	293.217688	293.218898	0.00121046937	0.000318844481	0	0	0	0	3
210	304	0	2.85335692	293.218928	293.218364	293.217726	293.218928	0.00120227879	0.000318844481	0	0	0	0	3
211	305	0	2.86694433	293.218954	293.218397	293.217766	293.218954	0.00118873284	0.000318844481	0	0	0	0	3
212	307	0	2.88053175	293.218984	293.21843	293.217806	293.218984	0.00117744773	0.000318844481	0	0	0	0	3
213	308	0	2.89411916	293.219015	293.218463	293.217846	293.219015	0.00116919014	0.000318844481	0	0	0	0	3
214	310	0	2.90770657	293.219044	293.218495	293.217885	293.219044	0.00115943398	0.000318844481	0	0	0	0	3
215	311	0	2.92129399	293.219073	293.218527	293.217926	293.219073	0.00114665501	0.000318844481	0	0	0	0	3
216	312	0	2.9348814	293.2191	293.218559	293.217964	293.2191	0.00113535019	0.000318844481	0	0	0	0	3
217	314	0	2.94846882	293.219124	293.21859	293.217998	293.219124	0.00112633039	0.000318844481	0	0	0	0	3
218	315	0	2.96205623	293.219153	293.218621	293.218036	293.219153	0.00111633236	0.000318844481	0	0	0	0	3
219	317	0	2.97564364	293.219178	293.218652	293.218071	293.219178	0.00110646165	0.000318844481	0	0	0	0	3
220	318	0	2.98923106	293.219205	293.218683	293.218107	293.219205	0.00109810875	0.000318844481	0	0	0	0	3
221	320	0	3.00281847	293.219232	293.218713	293.218141	293.219232	0.00109063694	0.000318844481	0	0	0	0	3
222	321	0	3.01640589	293.219256	293.218743	293.218178	293.219256	0.00107793103	0.000318844481	0	0	0	0	3
223	322	0	3.0299933	293.219281	293.218773	293.218213	293.219281	0.00106882757	0.000318844481	0	0	0	0	3
224	324	0	3.04358071	293.219308	293.218803	293.218248	293.219308	0.00106026816	0.000318844481	0	0	0	0	3
225	325	0	3.05716813	293.219333	293.218832	293.218283	293.219333	0.00104956058	0.000318844481	0	0	0	0	3
226	327	0	3.07075554	293.219361	293.218861	293.218316	293.219361	0.00104535008	0.000318844481	0	0	0	0	3
227	328	0	3.08434295	293.219387	293.21889	293.21835	293.219387	0.00103698474	0.000318844481	0	0	0	0	3
228	330	0	3.09793037	293.219412	293.218919	293.218385	293.219412	0.00102722379	0.000318844481	0	0	0	0	3
229	331	0	3.11151778	293.219438	293.218947	293.218418	293.219438	0.00101957216	0.000318844481	0	0	0	0	3
230	332	0	3.1251052	293.219464	293.218976	293.218454	293.219464	0.00100997542	0.000318844481	0	0	0	0	3
231	334	0	3.13869261	293.219492	293.219004	293.218484	293.219492	0.00100786122	0.000318844481	0	0	0	0	3
232	335	0	3.15228002	293.219518	293.219032	293.218516	293.219518	0.00100189142	0.000318844481	0	0	0	0	3
233	337	0	3.16586744	293.219541	293.219059	293.218548	293.219541	0.000993258609	0.000318844481	0	0	0	0	3
234	338	0	3.17945485	293.219567	293.219087	293.218578	293.219567	0.000988752555	0.000318844481	0	0	0	0	3
235	340	0	3.19304227	293.219588	293.219114	293.218604	293.219588	0.000983767868	0.000318844481	0	0	0	0	3
236	341	0	3.20662968	293.219613	293.219141	293.218636	293.219613	0.000976280249	0.000318844481	0	0	0	0	3
237	342	0	3.22021709	293.219635	293.219168	293.218667	293.219635	0.000967561752	0.000318844481	0	0	0	0	3
238	344	0	3.23380451	293.219655	293.219195	293.218696	293.219655	0.000959357303	0.000318844481	0	0	0	0	3
239	345	0	3.24739192	293.219676	293.219222	293.218723	293.219676	0.000952936533	0.000318844481	0	0	0	0	3
240	347	0	3.26097934	293.2197	293.219248	293.218756	293.2197	0.000944173941	0.000318844481	0	0	0	0	3
241	348	0	3.27456675	293.219722	293.219274	293.218784	293.219722	0.000938627233	0.000318844481	0	0	0	0	3
242	350	0	3.28815416	293.219746	293.2193	293.218812	293.219746	0.000934401616	0.000318844481	0	0	0	0	3
243	351	0	3.30174158	293.21977	293.219326	293.218841	293.21977	0.00092853604	0.000318844481	0	0	0	0	3
244	352	0	3.31532899	293.219792	293.219352	293.218871	293.219792	0.000920353232	0.000318844481	0	0	0	0	3
245	354	0	3.32891641	293.219814	293.219377	293.218898	293.219814	0.000915715455	0.000318844481	0	0	0	0	3
246	355	0	3.34250382	293.219839	293.219403	293.218928	293.219839	0.00091117307	0.000318844481	0	0	0	0	3
247	357	0	3.35609123	293.21986	293.219428	293.218954	293.21986	0.000905075101	0.000318844481	0	0	0	0	3
248	358	0	3.36967865	293.219884	293.219453	293.218984	293.219884	0.000900848789	0.000318844481	0	0	0	0	3
249	360	0	3.38326606	293.21991	293.219478	293.219015	293.21991	0.000894962821	0.000318844481	0	0	0	0	3
250	361	0	3.39685347	293.219935	293.219503	293.219044	293.219935	0.000890996807	0.000318844481	0	0	0	0	3
251	363	0	3.41044089	293.219956	293.219527	293.219073	293.219956	0.00088322989	0.000318844481	0	0	0	0	3
252	364	0	3.4240283	293.219978	293.219552	293.2191	293.219978	0.000878162444	0.000318844481	0	0	0	0	3
253	366	0	3.43761572	293.219999	293.219576	293.219124	293.219999	0.00087544224	0.000318844481	0	0	0	0	3
254	367	0	3.45120313	293.220023	293.2196	293.219153	293.220023	0.000870056161	0.000318844481	0	0	0	0	3
255	369	0	3.46479054	293.220043	293.219625	293.219178	293.220043	0.000864980952	0.000318844481	0	0	0	0	3
256	371	0	3.47837796	293.220067	293.219649	293.219205	293.220067	0.000861537467	0.000318844481	0	0	0	0	3
257	372	0	3.49196537	293.220087	293.219672	293.219232	293.220087	0.000855384737	0.000318844481	0	0	0	0	3
258	373	0	3.50555279	293.220111	293.219696	293.219256	293.220111	0.000855005829	0.000318844481	0	0	0	0	3
259	375	0	3.5191402	293.220129	293.21972	293.219281	293.220129	0.000848049264	0.000318844481	0	0	0	0	3
260	376	0	3.53272761	293.220152	293.219743	293.219308	293.220152	0.000843632051	0.000318844481	0	0	0	0	3
261	378	0	3.54631503	293.220175	293.219767	293.219333	293.220175	0.000841829937	0.000318844481	0	0	0	0	3
262	379	0	3.55990244	293.220195	293.21979	293.219361	293.220195	0.000833707099	0.000318844481	0	0	0	0	3
263	381	0	3.57348986	293.220213	293.219813	293.219387	293.220213	0.000825847248	0.000318844481	0	0	0	0	3
264	382	0	3.58707727	293.220233	293.219836	293.219412	293.220233	0.000820913056	0.000318844481	0	0	0	0	3
265	384	0	3.60066468	293.220254	293.219859	293.219438	293.220254	0.000816192953	0.000318844481	0	0	0	0	3
266	385	0	3.6142521	293.220275	293.219881	293.219464	293.220275	0.000811114784	0.000318844481	0	0	0	0	3
267	386	0	3.62783951	293.220294	293.219904	293.219492	293.220294	0.000802166428	0.000318844481	0	0	0	0	3
268	388	0	3.64142692	293.220316	293.219926	293.219518	293.220316	0.000797909245	0.000318844481	0	0	0	0	3
269	389	0	3.65501434	293.220336	293.219948	293.219541	293.220336	0.000795167613	0.000318844481	0	0	0	0	3
270	391	0	3.66860175	293.220354	293.21997	293.219567	293.220354	0.000787508643	0.000318844481	0	0	0	0	3
271	392	0	3.68218917	293.220374	293.219992	293.219588	293.220374	0.000785565243	0.000318844481	0	0	0	0	3
272	394	0	3.69577658	293.220394	293.220014	293.219613	293.220394	0.000781462039	0.000318844481	0	0	0	0	3
273	395	0	3.70936399	293.220411	293.220035	293.219635	293.220411	0.000776657253	0.000318844481	0	0	0	0	3
274	397	0	3.72295141	293.220433	293.220057	293.219655	293.220433	0.000777895573	0.000318844481	0	0	0	0	3
275	398	0	3.73653882	293.220452	293.220078	293.219676	293.220452	0.000775929726	0.000318844481	0	0	0	0	3
276	400	0	3.75012624	293.220468	293.2201	293.2197	293.220468	0.000768433099	0.000318844481	0	0	0	0	3
277	401	0	3.76371365	293.220489	293.220121	293.219722	293.220489	0.000766772973	0.000318844481	0	0	0	0	3
278	402	0	3.77730106	293.220509	293.220142	293.219746	293.220509	0.000762893973	0.000318844481	0	0	0	0	3
279	404	0	3.79088848	293.220523	293.220163	293.21977	293.220523	0.000753029436	0.000318844481	0	0	0	0	3
280	405	0	3.80447589	293.220543	293.220184	293.219792	293.220543	0.000751405798	0.000318844481	0	0	0	0	3
281	407	0	3.81806331	293.220561	293.220205	293.219814	293.220561	0.000747583507	0.000318844481	0	0	0	0	3
282	408	0	3.83165072	293.220576	293.220226	293.219839	293.220576	0.000737016279	0.000318844481	0	0	0	0	3
283	410	0	3.84523813	293.220595	293.220246	293.21986	293.220595	0.000735710248	0.000318844481	0	0	0	0	3
284	411	0	3.85882555	293.220616	293.220267	293.219884	293.220616	0.000731102926	0.000318844481	0	0	0	0	3
285	413	0	3.87241296	293.220632	293.220287	293.21991	293.220632	0.000721540319	0.000318844481	0	0	0	0	3
286	414	0	3.88600037	293.22065	293.220307	293.219935	293.22065	0.00071497149	0.000318844481	0	0	0	0	3
287	415	0	3.89958779	293.220669	293.220327	293.219956	293.220669	0.000712793566	0.000318844481	0	0	0	0	3
288	417	0	3.9131752	293.220687	293.220346	293.219978	293.220687	0.000709129143	0.000318844481	0	0	0	0	3
289	418	0	3.92676262	293.220702	293.220366	293.219999	293.220702	0.000702878292	0.000318844481	0	0	0	0	3
290	420	0	3.94035003	293.220722	293.220385	293.220023	293.220722	0.000699285302	0.000318844481	0	0	0	0	3
291	421	0	3.95393744	293.220738	293.220405	293.220043	293.220738	0.000694741152	0.000318844481	0	0	0	0	3
292	423	0	3.96752486	293.220754	293.220424	293.220067	293.220754	0.000687456942	0.000318844481	0	0	0	0	3
293	424	0	3.98111227	293.220769	293.220443	293.220087	293.220769	0.0006824544	0.000318844481	0	0	0	0	3
294	426	0	3.99469969	293.220787	293.220462	293.220111	293.220787	0.00067611242	0.000318844481	0	0	0	0	3
295	427	0	4.0082871	293.2208	293.220481	293.220129	293.2208	0.000670341113	0.000318844481	0	0	0	0	3
