Iteration	CPUTime	PhysTime	Travels	Value	AvValue	MinValue	MaxValue	Delta	Criteria	PrevAvRefValue	Progress	CriteriaType	CriteriaVarType	CriteriaPercentage
1	9	0	0.0135874139	-0.0287424247	-0.0287424247	-0.0287424247	-0.0287424247	0	0	0	0	0	0	3
2	10	0	0.0271748278	-0.0287837121	-0.0287630684	-0.0287837121	-0.0287424247	2.064368e-05	0	0	0	0	0	3
3	12	0	0.0407622417	-0.0269375155	-0.0281545508	-0.0287837121	-0.0269375155	0.00060851761	0	0	0	0	0	3
4	13	0	0.0543496556	-0.0254221888	-0.0274714603	-0.0287837121	-0.0254221888	0.0012916081	0	0	0	0	0	3
5	15	0	0.0679370695	-0.0248724199	-0.0269516522	-0.0287837121	-0.0248724199	0.00181141617	0	0	0	0	0	3
6	17	0	0.0815244834	-0.024235578	-0.0264989732	-0.0287837121	-0.024235578	0.0022640952	0	0	0	0	0	3
7	19	0	0.0951118973	-0.0238978547	-0.0261273848	-0.0287837121	-0.0238978547	0.00263568356	0	0	0	0	0	3
8	20	0	0.108699311	-0.0235233304	-0.025801878	-0.0287837121	-0.0235233304	0.00296119036	0	0	0	0	0	3
9	22	0	0.122286725	-0.0233667548	-0.0255313088	-0.0287837121	-0.0233667548	0.00323175961	0	0	0	0	0	3
10	23	0	0.135874139	-0.023157321	-0.02529391	-0.0287837121	-0.023157321	0.00346915839	0	0	0	0	0	3
11	25	0	0.149461553	-0.0230812966	-0.0250927633	-0.0287837121	-0.0230812966	0.00367030506	0	0	0	0	0	3
12	26	0	0.163048967	-0.0229130159	-0.0249111177	-0.0287837121	-0.0229130159	0.00385195068	0	0	0	0	0	3
13	27	0	0.176636381	-0.0228522636	-0.0247527443	-0.0287837121	-0.0228522636	0.00401032407	0	0	0	0	0	3
14	29	0	0.190223795	-0.0227549815	-0.024610047	-0.0287837121	-0.0227549815	0.00415302142	0	0	0	0	0	3
15	30	0	0.203811208	-0.0227123387	-0.0244835331	-0.0287837121	-0.0227123387	0.0042795353	0	0	0	0	0	3
16	32	0	0.217398622	-0.0226474586	-0.0243687784	-0.0287837121	-0.0226474586	0.00439428995	0	0	0	0	0	3
17	33	0	0.230986036	-0.0226222079	-0.024266039	-0.0287837121	-0.0226222079	0.0044970294	0	0	0	0	0	3
18	34	0	0.24457345	-0.0225959509	-0.0241732563	-0.0287837121	-0.0225959509	0.00458981207	0	0	0	0	0	3
19	36	0	0.258160864	-0.0225837634	-0.0240895988	-0.0287837121	-0.0225837634	0.00467346959	0	0	0	0	0	3
20	37	0	0.271748278	-0.0225723539	-0.0240137365	-0.0287837121	-0.0225723539	0.00474933183	0	0	0	0	0	3
21	39	0	0.285335692	-0.0225760141	-0.0239452736	-0.0287837121	-0.0225723539	0.00481779481	0	0	0	0	0	3
22	40	0	0.298923106	-0.0225730311	-0.0238828989	-0.0287837121	-0.0225723539	0.00488016946	0	0	0	0	0	3
23	41	0	0.31251052	-0.0225771242	-0.0238261261	-0.0287837121	-0.0225723539	0.00493694228	0	0	0	0	0	3
24	42	0	0.326097934	-0.0225775377	-0.0237741016	-0.0287837121	-0.0225723539	0.00498896679	0	0	0	0	0	3
25	44	0	0.339685347	-0.0225826863	-0.023726445	-0.0287837121	-0.0225723539	0.0050366234	0	0	0	0	0	3
26	45	0	0.353272761	-0.0225870875	-0.0236826235	-0.0287837121	-0.0225723539	0.00508044484	0	0	0	0	0	3
27	46	0	0.366860175	-0.0225981551	-0.023642458	-0.0287837121	-0.0225723539	0.00512061034	0	0	0	0	0	3
28	48	0	0.380447589	-0.022609436	-0.0236055644	-0.0287837121	-0.0225723539	0.00515750399	0	0	0	0	0	3
29	49	0	0.394035003	-0.0226218646	-0.0235716437	-0.0287837121	-0.0225723539	0.00519142467	0	0	0	0	0	3
30	51	0	0.407622417	-0.022635079	-0.0235404249	-0.0287837121	-0.0225723539	0.00522264349	0	0	0	0	0	3
31	52	0	0.421209831	-0.0226443241	-0.0235115184	-0.0287837121	-0.0225723539	0.00525154997	0	0	0	0	0	3
32	53	0	0.434797245	-0.0226553195	-0.0234847622	-0.0287837121	-0.0225723539	0.00527830618	0	0	0	0	0	3
33	55	0	0.448384659	-0.0226636387	-0.0234598797	-0.0287837121	-0.0225723539	0.00530318871	0	0	0	0	0	3
34	56	0	0.461972073	-0.0226693642	-0.0234366292	-0.0287837121	-0.0225723539	0.00532643917	0	0	0	0	0	3
35	57	0	0.475559486	-0.0226755503	-0.0234148841	-0.0287837121	-0.0225723539	0.00534818428	0	0	0	0	0	3
36	59	0	0.4891469	-0.0226808667	-0.0233944947	-0.0287837121	-0.0225723539	0.00536857365	0	0	0	0	0	3
37	60	0	0.502734314	-0.0226830532	-0.0233752666	-0.0287837121	-0.0225723539	0.0053878018	0	0	0	0	0	3
38	61	0	0.516321728	-0.0226844709	-0.0232115381	-0.0287837121	-0.0225723539	0.00555153028	0	0	0	0	0	3
39	62	0	0.529909142	-0.0226869003	-0.0230467594	-0.0269375155	-0.0225723539	0.00436516161	0	0	0	0	0	3
40	64	0	0.543496556	-0.0226879487	-0.0229319062	-0.0254221888	-0.0225723539	0.00284983489	0	0	0	0	0	3
41	65	0	0.55708397	-0.0226885593	-0.0228580244	-0.0248724199	-0.0225723539	0.00230006599	0	0	0	0	0	3
42	66	0	0.570671384	-0.0226908308	-0.0227990625	-0.024235578	-0.0225723539	0.0016632241	0	0	0	0	0	3
43	67	0	0.584258798	-0.0226910473	-0.0227573184	-0.0238978547	-0.0225723539	0.00132550073	0	0	0	0	0	3
44	69	0	0.597846212	-0.0226930495	-0.0227247561	-0.0235233304	-0.0225723539	0.000950976434	0	0	0	0	0	3
45	70	0	0.611433625	-0.0226948766	-0.0227023655	-0.0233667548	-0.0225723539	0.000794400844	0	0	0	0	0	3
46	71	0	0.625021039	-0.0226965491	-0.0226842518	-0.023157321	-0.0225723539	0.000584967049	0	0	0	0	0	3
47	73	0	0.638608453	-0.0226966985	-0.0226718026	-0.0230812966	-0.0225723539	0.000508942683	0	0	0	0	0	3
48	74	0	0.652195867	-0.0226983771	-0.0226614534	-0.0229130159	-0.0225723539	0.000340661952	0	0	0	0	0	3
49	75	0	0.665783281	-0.0227017256	-0.0226557428	-0.0228522636	-0.0225723539	0.00027990964	0	0	0	0	0	3
50	77	0	0.679370695	-0.0227030089	-0.0226517089	-0.0227549815	-0.0225723539	0.000182627576	0	0	0	0	0	3
51	78	0	0.692958109	-0.022705269	-0.0226503653	-0.0227123387	-0.0225723539	0.000139984788	0	0	0	0	0	3
52	79	0	0.706545523	-0.0227055999	-0.0226501832	-0.0227055999	-0.0225723539	0.000133245976	0	0	0	0	0	3
53	80	0	0.720132937	-0.0227083344	-0.0226518285	-0.0227083344	-0.0225723539	0.000135980422	0	0	0	0	0	3
54	82	0	0.733720351	-0.0227090978	-0.0226541769	-0.0227090978	-0.0225723539	0.000136743881	0	0	0	0	0	3
55	83	0	0.747307764	-0.0227121149	-0.0226573164	-0.0227121149	-0.0225723539	0.000139760928	0	0	0	0	0	3
56	84	0	0.760895178	-0.0227130098	-0.0226608096	-0.0227130098	-0.0225723539	0.000140655896	0	0	0	0	0	3
57	86	0	0.774482592	-0.0227151401	-0.0226646687	-0.0227151401	-0.0225730311	0.000142108937	0	0	0	0	0	3
58	87	0	0.788070006	-0.022714899	-0.0226684223	-0.0227151401	-0.0225730311	0.000142108937	0	0	0	0	0	3
59	88	0	0.80165742	-0.0227178754	-0.022672337	-0.0227178754	-0.0225771242	0.000140751222	0	0	0	0	0	3
60	90	0	0.815244834	-0.022719475	-0.0226761843	-0.022719475	-0.0225775377	0.000141937272	0	0	0	0	0	3
61	91	0	0.828832248	-0.0227201724	-0.0226800393	-0.0227201724	-0.0225826863	0.000137486088	0	0	0	0	0	3
62	92	0	0.842419662	-0.022719753	-0.0226837438	-0.0227201724	-0.0225870875	0.000133084902	0	0	0	0	0	3
63	93	0	0.856007076	-0.022720541	-0.0226873507	-0.022720541	-0.0225981551	0.000122385883	0	0	0	0	0	3
64	95	0	0.869594489	-0.02272118	-0.0226906757	-0.02272118	-0.022609436	0.000111744076	0	0	0	0	0	3
65	96	0	0.883181903	-0.0227219385	-0.0226937163	-0.0227219385	-0.0226218646	0.000100073873	0	0	0	0	0	3
66	97	0	0.896769317	-0.0227218796	-0.0226964194	-0.0227219385	-0.022635079	8.68595156e-05	0	0	0	0	0	3
67	99	0	0.910356731	-0.0227220184	-0.0226987691	-0.0227220184	-0.0226443241	7.76942642e-05	0	0	0	0	0	3
68	100	0	0.923944145	-0.0227206752	-0.0227008327	-0.0227220184	-0.0226553195	6.66988149e-05	0	0	0	0	0	3
69	101	0	0.937531559	-0.0227209944	-0.0227026077	-0.0227220184	-0.0226636387	5.8379621e-05	0	0	0	0	0	3
70	103	0	0.951118973	-0.0227208199	-0.0227041531	-0.0227220184	-0.0226693642	5.26542029e-05	0	0	0	0	0	3
71	104	0	0.964706387	-0.0227221807	-0.0227055806	-0.0227221807	-0.0226755503	4.66304355e-05	0	0	0	0	0	3
72	105	0	0.978293801	-0.0227217474	-0.0227068291	-0.0227221807	-0.0226808667	4.13139882e-05	0	0	0	0	0	3
73	106	0	0.991881215	-0.0227213369	-0.0227079229	-0.0227221807	-0.0226830532	3.91275281e-05	0	0	0	0	0	3
74	108	0	1.00546863	-0.0227200345	-0.0227089224	-0.0227221807	-0.0226844709	3.77097532e-05	0.000227200345	0	0	0	0	3
75	109	0	1.01905604	-0.022720382	-0.022709893	-0.0227221807	-0.0226869003	3.52803873e-05	0.00022720382	0	0	0	0	3
76	110	0	1.03264346	-0.0227194401	-0.0227107725	-0.0227221807	-0.0226879487	3.42320234e-05	0.000227194401	0	0	0	0	3
77	112	0	1.04623087	-0.0227189809	-0.0227116112	-0.0227221807	-0.0226885593	3.36214049e-05	0.000227189809	0	0	0	0	3
78	113	0	1.05981828	-0.02271758	-0.0227123955	-0.0227221807	-0.0226908308	3.13498703e-05	0.0002271758	0	0	0	0	3
79	114	0	1.0734057	-0.0227181195	-0.022713133	-0.0227221807	-0.0226910473	3.11333752e-05	0.000227181195	0	0	0	0	3
80	116	0	1.08699311	-0.0227178984	-0.0227138587	-0.0227221807	-0.0226930495	2.91311717e-05	0.000227178984	0	0	0	0	3
81	117	0	1.10058053	-0.0227164464	-0.0227144911	-0.0227221807	-0.0226948766	2.73040607e-05	0.000227164464	0	0	0	0	3
82	118	0	1.11416794	-0.0227165081	-0.0227150757	-0.0227221807	-0.0226965491	2.5631572e-05	0.000227165081	0	0	0	0	3
83	119	0	1.12775535	-0.0227151566	-0.0227155786	-0.0227221807	-0.0226966985	2.54821495e-05	0.000227151566	0	0	0	0	3
84	121	0	1.14134277	-0.0227140428	-0.0227160474	-0.0227221807	-0.0226983771	2.38036326e-05	0.000227140428	0	0	0	0	3
85	122	0	1.15493018	-0.0227134928	-0.0227164559	-0.0227221807	-0.0227017256	2.04551362e-05	0.000227134928	0	0	0	0	3
86	123	0	1.1685176	-0.0227133091	-0.022716769	-0.0227221807	-0.0227030089	1.91717706e-05	0.000227133091	0	0	0	0	3
87	125	0	1.18210501	-0.0227126177	-0.0227170287	-0.0227221807	-0.022705269	1.69116455e-05	0.000227126177	0	0	0	0	3
88	126	0	1.19569242	-0.0227117995	-0.0227172052	-0.0227221807	-0.0227055999	1.65807843e-05	0.000227117995	0	0	0	0	3
89	127	0	1.20927984	-0.0227111932	-0.0227173564	-0.0227221807	-0.0227083344	1.38463384e-05	0.000227111932	0	0	0	0	3
90	128	0	1.22286725	-0.0227107272	-0.022717421	-0.0227221807	-0.0227090978	1.30828787e-05	0.000227107272	0	0	0	0	3
91	130	0	1.23645466	-0.0227106605	-0.0227174633	-0.0227221807	-0.0227106605	1.15202143e-05	0.000227106605	0	0	0	0	3
92	131	0	1.25004208	-0.0227103962	-0.0227174168	-0.0227221807	-0.0227103962	1.17844586e-05	0.000227103962	0	0	0	0	3
93	132	0	1.26362949	-0.0227104309	-0.0227173471	-0.0227221807	-0.0227103962	1.17844586e-05	0.000227104309	0	0	0	0	3
94	134	0	1.27721691	-0.0227117689	-0.022717256	-0.0227221807	-0.0227103962	1.17844586e-05	0.000227117689	0	0	0	0	3
95	135	0	1.29080432	-0.0227124457	-0.0227171897	-0.0227221807	-0.0227103962	1.17844586e-05	0.000227124457	0	0	0	0	3
96	136	0	1.30439173	-0.0227122782	-0.0227170384	-0.0227221807	-0.0227103962	1.17844586e-05	0.000227122782	0	0	0	0	3
97	137	0	1.31797915	-0.0227127537	-0.0227168568	-0.0227221807	-0.0227103962	1.17844586e-05	0.000227127537	0	0	0	0	3
98	139	0	1.33156656	-0.0227127687	-0.0227166567	-0.0227221807	-0.0227103962	1.17844586e-05	0.000227127687	0	0	0	0	3
99	140	0	1.34515398	-0.0227141163	-0.0227165043	-0.0227221807	-0.0227103962	1.17844586e-05	0.000227141163	0	0	0	0	3
100	141	0	1.35874139	-0.0227140008	-0.0227163276	-0.0227221807	-0.0227103962	1.17844586e-05	0.000227140008	0	0	0	0	3
101	143	0	1.3723288	-0.0227133888	-0.022716117	-0.0227221807	-0.0227103962	1.17844586e-05	0.000227133888	0	0	0	0	3
102	145	0	1.38591622	-0.0227130656	-0.0227158772	-0.0227221807	-0.0227103962	1.17844586e-05	0.000227130656	0	0	0	0	3
103	146	0	1.39950363	-0.0227147863	-0.0227156855	-0.0227221807	-0.0227103962	1.17844586e-05	0.000227147863	0	0	0	0	3
104	147	0	1.41309105	-0.0227144627	-0.0227154813	-0.0227221807	-0.0227103962	1.17844586e-05	0.000227144627	0	0	0	0	3
105	149	0	1.42667846	-0.0227150642	-0.0227153296	-0.0227221807	-0.0227103962	1.17844586e-05	0.000227150642	0	0	0	0	3
106	150	0	1.44026587	-0.0227144846	-0.0227151537	-0.0227221807	-0.0227103962	1.17844586e-05	0.000227144846	0	0	0	0	3
107	151	0	1.45385329	-0.0227155491	-0.0227150112	-0.0227221807	-0.0227103962	1.17844586e-05	0.000227155491	0	0	0	0	3
108	153	0	1.4674407	-0.0227151844	-0.0227148221	-0.0227217474	-0.0227103962	1.06341247e-05	0.000227151844	0	0	0	0	3
109	154	0	1.48102811	-0.0227148089	-0.0227146346	-0.0227213369	-0.0227103962	9.54033623e-06	0.000227148089	0	0	0	0	3
110	155	0	1.49461553	-0.0227137835	-0.0227144305	-0.022720382	-0.0227103962	8.54084037e-06	0.000227137835	0	0	0	0	3
111	157	0	1.50820294	-0.0227142432	-0.0227142739	-0.022720382	-0.0227103962	7.57026981e-06	0.000227142432	0	0	0	0	3
112	158	0	1.52179036	-0.0227148061	-0.0227141232	-0.0227194401	-0.0227103962	6.69081554e-06	0.000227148061	0	0	0	0	3
113	160	0	1.53537777	-0.0227142699	-0.0227139835	-0.0227189809	-0.0227103962	5.85210545e-06	0.000227142699	0	0	0	0	3
114	161	0	1.54896518	-0.0227145551	-0.0227138639	-0.0227181195	-0.0227103962	5.06776068e-06	0.000227145551	0	0	0	0	3
115	162	0	1.5625526	-0.0227143172	-0.0227137757	-0.0227181195	-0.0227103962	4.33022917e-06	0.000227143172	0	0	0	0	3
116	164	0	1.57614001	-0.0227149519	-0.0227136901	-0.0227178984	-0.0227103962	3.77318331e-06	0.000227149519	0	0	0	0	3
117	165	0	1.58972743	-0.0227147311	-0.0227136045	-0.0227165081	-0.0227103962	3.85878499e-06	0.000227147311	0	0	0	0	3
118	167	0	1.60331484	-0.0227142044	-0.0227135439	-0.0227165081	-0.0227103962	3.91937793e-06	0.000227142044	0	0	0	0	3
119	168	0	1.61690225	-0.0227145205	-0.0227134902	-0.0227155491	-0.0227103962	3.97309802e-06	0.000227145205	0	0	0	0	3
120	169	0	1.63048967	-0.0227137647	-0.0227134526	-0.0227155491	-0.0227103962	4.01071828e-06	0.000227137647	0	0	0	0	3
121	171	0	1.64407708	-0.0227133023	-0.0227134325	-0.0227155491	-0.0227103962	4.03073107e-06	0.000227133023	0	0	0	0	3
122	172	0	1.6576645	-0.022712641	-0.0227134095	-0.0227155491	-0.0227103962	4.05375316e-06	0.00022712641	0	0	0	0	3
123	174	0	1.67125191	-0.0227131057	-0.022713404	-0.0227155491	-0.0227103962	4.05925058e-06	0.000227131057	0	0	0	0	3
124	175	0	1.68483932	-0.022712449	-0.0227133995	-0.0227155491	-0.0227103962	4.06380769e-06	0.00022712449	0	0	0	0	3
125	177	0	1.69842674	-0.0227127401	-0.0227134249	-0.0227155491	-0.0227103962	4.06380769e-06	0.000227127401	0	0	0	0	3
126	178	0	1.71201415	-0.0227121506	-0.0227134508	-0.0227155491	-0.0227103962	4.06380769e-06	0.000227121506	0	0	0	0	3
127	180	0	1.72560157	-0.022712232	-0.0227134914	-0.0227155491	-0.0227103962	4.06380769e-06	0.00022712232	0	0	0	0	3
128	181	0	1.73918898	-0.0227140159	-0.0227135821	-0.0227155491	-0.0227103962	4.01735832e-06	0.000227140159	0	0	0	0	3
129	183	0	1.75277639	-0.0227147234	-0.0227136991	-0.0227155491	-0.0227104309	3.94765889e-06	0.000227147234	0	0	0	0	3
130	184	0	1.76636381	-0.0227137389	-0.0227137885	-0.0227155491	-0.0227117689	3.78015987e-06	0.000227137389	0	0	0	0	3
131	186	0	1.77995122	-0.0227128344	-0.0227138173	-0.0227155491	-0.0227121506	3.39848951e-06	0.000227128344	0	0	0	0	3
132	188	0	1.79353863	-0.0227126369	-0.0227138224	-0.0227155491	-0.0227121506	3.39848951e-06	0.000227126369	0	0	0	0	3
133	189	0	1.80712605	-0.0227129451	-0.0227138405	-0.0227155491	-0.0227121506	3.39848951e-06	0.000227129451	0	0	0	0	3
134	191	0	1.82071346	-0.0227134342	-0.0227138589	-0.0227155491	-0.0227121506	3.25720645e-06	0.000227134342	0	0	0	0	3
135	193	0	1.83430088	-0.0227134881	-0.0227138783	-0.0227155491	-0.0227121506	3.10486356e-06	0.000227134881	0	0	0	0	3
136	194	0	1.84788829	-0.0227140324	-0.022713876	-0.0227155491	-0.0227121506	2.92810085e-06	0.000227140324	0	0	0	0	3
137	196	0	1.8614757	-0.0227143833	-0.0227138864	-0.0227155491	-0.0227121506	2.71752611e-06	0.000227143833	0	0	0	0	3
138	197	0	1.87506312	-0.022713004	-0.022713876	-0.0227155491	-0.0227121506	2.47771855e-06	0.00022713004	0	0	0	0	3
139	199	0	1.88865053	-0.022712567	-0.0227138625	-0.0227155491	-0.0227121506	2.28600881e-06	0.00022712567	0	0	0	0	3
140	200	0	1.90223795	-0.022712949	-0.0227138128	-0.0227155491	-0.0227121506	2.08180074e-06	0.00022712949	0	0	0	0	3
141	201	0	1.91582536	-0.0227145283	-0.0227138146	-0.0227155491	-0.0227121506	1.93015228e-06	0.000227145283	0	0	0	0	3
142	203	0	1.92941277	-0.0227145386	-0.0227138004	-0.0227155491	-0.0227121506	1.75421093e-06	0.000227145386	0	0	0	0	3
143	204	0	1.94300019	-0.0227133775	-0.0227137705	-0.0227155491	-0.0227121506	1.61175692e-06	0.000227133775	0	0	0	0	3
144	206	0	1.9565876	-0.0227129221	-0.0227136995	-0.0227151844	-0.0227121506	1.42266835e-06	0.000227129221	0	0	0	0	3
145	207	0	1.97017502	-0.0227132326	-0.0227136467	-0.0227149519	-0.0227121506	1.23513973e-06	0.000227132326	0	0	0	0	3
146	209	0	1.98376243	-0.0227127301	-0.0227135905	-0.0227149519	-0.0227121506	1.03099378e-06	0.000227127301	0	0	0	0	3
147	210	0	1.99734984	-0.0227132983	-0.0227135774	-0.0227149519	-0.0227121506	8.74471798e-07	0.000227132983	0	0	0	0	3
148	212	0	2.01093726	-0.0227127431	-0.0227135369	-0.0227149519	-0.0227121506	7.23771609e-07	0.000227127431	0	0	0	0	3
149	213	0	2.02452467	-0.0227135084	-0.0227135018	-0.0227149519	-0.0227121506	5.84036467e-07	0.000227135084	0	0	0	0	3
150	214	0	2.03811208	-0.0227144098	-0.0227135056	-0.0227149519	-0.0227121506	4.86906655e-07	0.000227144098	0	0	0	0	3
151	216	0	2.0516995	-0.0227138364	-0.0227134862	-0.0227149519	-0.0227121506	4.86906655e-07	0.000227138364	0	0	0	0	3
152	217	0	2.06528691	-0.022713961	-0.0227134765	-0.0227149519	-0.0227121506	4.86906655e-07	0.00022713961	0	0	0	0	3
153	219	0	2.07887433	-0.0227132758	-0.0227134312	-0.0227147311	-0.0227121506	4.86906655e-07	0.000227132758	0	0	0	0	3
154	220	0	2.09246174	-0.0227121491	-0.0227133615	-0.0227147234	-0.0227121491	5.24912992e-07	0.000227121491	0	0	0	0	3
155	222	0	2.10604915	-0.0227129987	-0.0227133289	-0.0227147234	-0.0227121491	5.57499245e-07	0.000227129987	0	0	0	0	3
156	223	0	2.11963657	-0.0227128777	-0.0227132845	-0.0227147234	-0.0227121491	6.01897469e-07	0.000227128777	0	0	0	0	3
157	224	0	2.13322398	-0.0227128672	-0.0227132602	-0.0227147234	-0.0227121491	6.26153226e-07	0.000227128672	0	0	0	0	3
158	226	0	2.1468114	-0.0227121904	-0.0227132302	-0.0227147234	-0.0227121491	6.56205326e-07	0.000227121904	0	0	0	0	3
159	227	0	2.16039881	-0.0227125172	-0.0227132268	-0.0227147234	-0.0227121491	6.59552767e-07	0.000227125172	0	0	0	0	3
160	229	0	2.17398622	-0.0227129323	-0.0227132221	-0.0227147234	-0.0227121491	6.64238889e-07	0.000227129323	0	0	0	0	3
161	230	0	2.18757364	-0.0227129232	-0.0227132349	-0.0227147234	-0.0227121491	6.64238889e-07	0.000227129232	0	0	0	0	3
162	232	0	2.20116105	-0.0227127761	-0.0227132359	-0.0227147234	-0.0227121491	6.64238889e-07	0.000227127761	0	0	0	0	3
163	233	0	2.21474847	-0.022712551	-0.0227132467	-0.0227147234	-0.0227121491	6.64238889e-07	0.00022712551	0	0	0	0	3
164	235	0	2.22833588	-0.0227119834	-0.02271324	-0.0227147234	-0.0227119834	6.64238889e-07	0.000227119834	0	0	0	0	3
165	236	0	2.24192329	-0.0227125109	-0.0227131993	-0.0227147234	-0.0227119834	6.87026282e-07	0.000227125109	0	0	0	0	3
166	237	0	2.25551071	-0.0227120014	-0.0227131258	-0.0227145386	-0.0227119834	7.60593482e-07	0.000227120014	0	0	0	0	3
167	239	0	2.26909812	-0.0227113756	-0.0227130619	-0.0227145386	-0.0227113756	8.24465473e-07	0.000227113756	0	0	0	0	3
168	241	0	2.28268553	-0.0227118907	-0.0227130364	-0.0227145386	-0.0227113756	8.49970009e-07	0.000227118907	0	0	0	0	3
169	243	0	2.29627295	-0.022713104	-0.022713049	-0.0227145386	-0.0227113756	8.49970009e-07	0.00022713104	0	0	0	0	3
170	244	0	2.30986036	-0.0227122987	-0.0227130316	-0.0227145386	-0.0227113756	8.5481564e-07	0.000227122987	0	0	0	0	3
171	246	0	2.32344778	-0.0227120918	-0.0227129953	-0.0227145386	-0.0227113756	8.91095201e-07	0.000227120918	0	0	0	0	3
172	247	0	2.33703519	-0.0227118023	-0.0227129497	-0.0227145386	-0.0227113756	9.36655468e-07	0.000227118023	0	0	0	0	3
173	249	0	2.3506226	-0.0227124004	-0.0227129056	-0.0227145386	-0.0227113756	9.80764995e-07	0.000227124004	0	0	0	0	3
174	250	0	2.36421002	-0.0227127257	-0.0227128608	-0.0227145386	-0.0227113756	1.01516495e-06	0.000227127257	0	0	0	0	3
175	251	0	2.37779743	-0.0227124201	-0.022712845	-0.0227145386	-0.0227113756	1.01747117e-06	0.000227124201	0	0	0	0	3
176	253	0	2.39138485	-0.0227123546	-0.0227128393	-0.0227145386	-0.0227113756	9.75327879e-07	0.000227123546	0	0	0	0	3
177	254	0	2.40497226	-0.0227120418	-0.0227128148	-0.0227145386	-0.0227113756	9.99844694e-07	0.000227120418	0	0	0	0	3
178	256	0	2.41855967	-0.0227123578	-0.0227127561	-0.0227145386	-0.0227113756	1.04430068e-06	0.000227123578	0	0	0	0	3
179	257	0	2.43214709	-0.0227127297	-0.0227127072	-0.0227144098	-0.0227113756	1.06326797e-06	0.000227127297	0	0	0	0	3
180	259	0	2.4457345	-0.0227123208	-0.0227126787	-0.0227144098	-0.0227113756	1.02082671e-06	0.000227123208	0	0	0	0	3
181	260	0	2.45932192	-0.0227113743	-0.0227126368	-0.0227144098	-0.0227113743	1.00990409e-06	0.000227113743	0	0	0	0	3
182	261	0	2.47290933	-0.0227105887	-0.0227125654	-0.0227144098	-0.0227105887	1.02517506e-06	0.000227105887	0	0	0	0	3
183	263	0	2.48649674	-0.0227112756	-0.0227125261	-0.0227144098	-0.0227105887	1.05137262e-06	0.000227112756	0	0	0	0	3
184	264	0	2.50008416	-0.0227116957	-0.0227124827	-0.0227144098	-0.0227105887	1.05414328e-06	0.000227116957	0	0	0	0	3
185	266	0	2.51367157	-0.0227112772	-0.0227124431	-0.0227144098	-0.0227105887	1.06246913e-06	0.000227112772	0	0	0	0	3
186	267	0	2.52725899	-0.0227101235	-0.0227123516	-0.0227144098	-0.0227101235	1.15395316e-06	0.000227101235	0	0	0	0	3
187	268	0	2.5408464	-0.0227110847	-0.0227122618	-0.022713961	-0.0227101235	1.22439225e-06	0.000227110847	0	0	0	0	3
188	270	0	2.55443381	-0.0227106527	-0.0227121757	-0.022713961	-0.0227101235	1.30081202e-06	0.000227106527	0	0	0	0	3
189	271	0	2.56802123	-0.0227113027	-0.0227121039	-0.0227132758	-0.0227101235	1.32735813e-06	0.000227113027	0	0	0	0	3
190	273	0	2.58160864	-0.0227112153	-0.0227120482	-0.022713104	-0.0227101235	1.31326258e-06	0.000227112153	0	0	0	0	3
191	274	0	2.59519605	-0.0227104534	-0.0227120024	-0.022713104	-0.0227101235	1.32650579e-06	0.000227104534	0	0	0	0	3
192	276	0	2.60878347	-0.0227108546	-0.0227119444	-0.022713104	-0.0227101235	1.34005585e-06	0.000227108546	0	0	0	0	3
193	277	0	2.62237088	-0.0227106569	-0.0227118844	-0.022713104	-0.0227101235	1.37582279e-06	0.000227106569	0	0	0	0	3
194	279	0	2.6359583	-0.0227089875	-0.0227117795	-0.022713104	-0.0227089875	1.46720292e-06	0.000227089875	0	0	0	0	3
195	280	0	2.64954571	-0.0227100589	-0.0227117219	-0.022713104	-0.0227089875	1.52481125e-06	0.000227100589	0	0	0	0	3
196	281	0	2.66313312	-0.0227092431	-0.0227116334	-0.022713104	-0.0227089875	1.61329915e-06	0.000227092431	0	0	0	0	3
197	283	0	2.67672054	-0.0227093263	-0.022711536	-0.022713104	-0.0227089875	1.71075846e-06	0.000227093263	0	0	0	0	3
198	284	0	2.69030795	-0.02270887	-0.0227114264	-0.022713104	-0.02270887	1.8203028e-06	0.0002270887	0	0	0	0	3
199	286	0	2.70389537	-0.0227102413	-0.0227113579	-0.022713104	-0.02270887	1.88881072e-06	0.000227102413	0	0	0	0	3
200	287	0	2.71748278	-0.0227094794	-0.0227112749	-0.022713104	-0.02270887	1.96510567e-06	0.000227094794	0	0	0	0	3
201	289	0	2.73107019	-0.0227102795	-0.0227112289	-0.022713104	-0.02270887	1.97048126e-06	0.000227102795	0	0	0	0	3
202	291	0	2.74465761	-0.0227098655	-0.0227111574	-0.022713104	-0.02270887	1.96841221e-06	0.000227098655	0	0	0	0	3
203	292	0	2.75824502	-0.0227109171	-0.0227111281	-0.022713104	-0.02270887	1.93384762e-06	0.000227109171	0	0	0	0	3
204	294	0	2.77183244	-0.0227094424	-0.0227110758	-0.022713104	-0.02270887	1.97321665e-06	0.000227094424	0	0	0	0	3
205	296	0	2.78541985	-0.0227101317	-0.0227110283	-0.022713104	-0.02270887	2.02075732e-06	0.000227101317	0	0	0	0	3
206	297	0	2.79900726	-0.0227091174	-0.0227109205	-0.0227127297	-0.02270887	2.1110332e-06	0.000227091174	0	0	0	0	3
207	299	0	2.81259468	-0.022710376	-0.0227108686	-0.0227127297	-0.02270887	2.12671731e-06	0.00022710376	0	0	0	0	3
208	301	0	2.82618209	-0.0227091476	-0.022710789	-0.0227127297	-0.02270887	2.16073202e-06	0.000227091476	0	0	0	0	3
209	302	0	2.8397695	-0.0227093249	-0.022710722	-0.0227127297	-0.02270887	2.18358101e-06	0.000227093249	0	0	0	0	3
210	304	0	2.85335692	-0.0227087438	-0.0227106232	-0.0227127297	-0.0227087438	2.2376074e-06	0.000227087438	0	0	0	0	3
211	305	0	2.86694433	-0.0227098054	-0.0227105443	-0.0227127297	-0.0227087438	2.30075333e-06	0.000227098054	0	0	0	0	3
212	307	0	2.88053175	-0.0227110202	-0.0227105064	-0.0227127297	-0.0227087438	2.33284556e-06	0.000227110202	0	0	0	0	3
213	308	0	2.89411916	-0.0227115075	-0.0227104835	-0.0227127297	-0.0227087438	2.33122366e-06	0.000227115075	0	0	0	0	3
214	310	0	2.90770657	-0.0227117307	-0.0227104751	-0.0227127297	-0.0227087438	2.28096971e-06	0.000227117307	0	0	0	0	3
215	311	0	2.92129399	-0.0227114376	-0.0227104503	-0.0227127297	-0.0227087438	2.25695053e-06	0.000227114376	0	0	0	0	3
216	312	0	2.9348814	-0.0227114305	-0.0227104151	-0.0227123208	-0.0227087438	2.26350529e-06	0.000227114305	0	0	0	0	3
217	314	0	2.94846882	-0.0227117721	-0.0227104003	-0.0227117721	-0.0227087438	2.23650393e-06	0.000227117721	0	0	0	0	3
218	315	0	2.96205623	-0.022710148	-0.0227103672	-0.0227117721	-0.0227087438	2.19819295e-06	0.00022710148	0	0	0	0	3
219	317	0	2.97564364	-0.0227113411	-0.0227103875	-0.0227117721	-0.0227087438	2.15888248e-06	0.000227113411	0	0	0	0	3
220	318	0	2.98923106	-0.02271136	-0.0227103898	-0.0227117721	-0.0227087438	2.11556883e-06	0.0002271136	0	0	0	0	3
221	320	0	3.00281847	-0.0227119297	-0.0227103961	-0.0227119297	-0.0227087438	2.07594894e-06	0.000227119297	0	0	0	0	3
222	321	0	3.01640589	-0.0227109934	-0.0227103884	-0.0227119297	-0.0227087438	1.98446492e-06	0.000227109934	0	0	0	0	3
223	322	0	3.0299933	-0.0227122277	-0.0227104453	-0.0227122277	-0.0227087438	1.89459916e-06	0.000227122277	0	0	0	0	3
224	324	0	3.04358071	-0.0227110307	-0.0227104439	-0.0227122277	-0.0227087438	1.8085538e-06	0.000227110307	0	0	0	0	3
225	325	0	3.05716813	-0.0227097905	-0.0227104206	-0.0227122277	-0.0227087438	1.73670721e-06	0.000227097905	0	0	0	0	3
226	327	0	3.07075554	-0.0227089507	-0.022710357	-0.0227122277	-0.0227087438	1.69120494e-06	0.000227089507	0	0	0	0	3
227	328	0	3.08434295	-0.0227076078	-0.0227102595	-0.0227122277	-0.0227076078	1.74287591e-06	0.000227076078	0	0	0	0	3
228	330	0	3.09793037	-0.0227067322	-0.0227101589	-0.0227122277	-0.0227067322	1.78550041e-06	0.000227067322	0	0	0	0	3
229	331	0	3.11151778	-0.0227065922	-0.0227100437	-0.0227122277	-0.0227065922	1.84067855e-06	0.000227065922	0	0	0	0	3
230	332	0	3.1251052	-0.0227065801	-0.0227099335	-0.0227122277	-0.0227065801	1.84600507e-06	0.000227065801	0	0	0	0	3
231	334	0	3.13869261	-0.0227072753	-0.0227098873	-0.0227122277	-0.0227065801	1.83466997e-06	0.000227072753	0	0	0	0	3
232	335	0	3.15228002	-0.0227076509	-0.0227098222	-0.0227122277	-0.0227065801	1.8112639e-06	0.000227076509	0	0	0	0	3
233	337	0	3.16586744	-0.0227072948	-0.0227097695	-0.0227122277	-0.0227065801	1.76646157e-06	0.000227072948	0	0	0	0	3
234	338	0	3.17945485	-0.0227063476	-0.022709689	-0.0227122277	-0.0227063476	1.737424e-06	0.000227063476	0	0	0	0	3
235	340	0	3.19304227	-0.0227072409	-0.022709645	-0.0227122277	-0.0227063476	1.71294632e-06	0.000227072409	0	0	0	0	3
236	341	0	3.20662968	-0.022707806	-0.0227095792	-0.0227122277	-0.0227063476	1.69574873e-06	0.00022707806	0	0	0	0	3
237	342	0	3.22021709	-0.0227075862	-0.022709528	-0.0227122277	-0.0227063476	1.70086833e-06	0.000227075862	0	0	0	0	3
238	344	0	3.23380451	-0.0227062145	-0.0227094181	-0.0227122277	-0.0227062145	1.73923502e-06	0.000227062145	0	0	0	0	3
239	345	0	3.24739192	-0.0227059491	-0.0227093123	-0.0227122277	-0.0227059491	1.81577666e-06	0.000227059491	0	0	0	0	3
240	347	0	3.26097934	-0.0227053729	-0.0227091624	-0.0227122277	-0.0227053729	1.9133686e-06	0.000227053729	0	0	0	0	3
241	348	0	3.27456675	-0.0227059101	-0.022709067	-0.0227122277	-0.0227053729	1.96129704e-06	0.000227059101	0	0	0	0	3
242	350	0	3.28815416	-0.0227040353	-0.0227089022	-0.0227122277	-0.0227040353	2.01831797e-06	0.000227040353	0	0	0	0	3
243	351	0	3.30174158	-0.022704861	-0.0227087872	-0.0227122277	-0.0227040353	2.08139315e-06	0.00022704861	0	0	0	0	3
244	352	0	3.31532899	-0.0227064404	-0.0227086808	-0.0227122277	-0.0227040353	2.10818711e-06	0.000227064404	0	0	0	0	3
245	354	0	3.32891641	-0.0227074766	-0.0227086356	-0.0227122277	-0.0227040353	2.08639053e-06	0.000227074766	0	0	0	0	3
246	355	0	3.34250382	-0.0227066512	-0.0227085634	-0.0227122277	-0.0227040353	2.05982447e-06	0.000227066512	0	0	0	0	3
247	357	0	3.35609123	-0.0227074134	-0.0227085274	-0.0227122277	-0.0227040353	2.01685297e-06	0.000227074134	0	0	0	0	3
248	358	0	3.36967865	-0.0227073819	-0.0227084619	-0.0227122277	-0.0227040353	2.04451999e-06	0.000227073819	0	0	0	0	3
249	360	0	3.38326606	-0.0227091388	-0.0227084111	-0.0227122277	-0.0227040353	2.07247514e-06	0.000227091388	0	0	0	0	3
250	361	0	3.39685347	-0.0227076227	-0.0227083061	-0.0227122277	-0.0227040353	2.16906122e-06	0.000227076227	0	0	0	0	3
251	363	0	3.41044089	-0.0227080003	-0.0227082052	-0.0227122277	-0.0227040353	2.24501415e-06	0.000227080003	0	0	0	0	3
252	364	0	3.4240283	-0.0227081139	-0.0227081154	-0.0227122277	-0.0227040353	2.32989961e-06	0.000227081139	0	0	0	0	3
253	366	0	3.43761572	-0.0227091	-0.0227080524	-0.0227122277	-0.0227040353	2.39288627e-06	0.000227091	0	0	0	0	3
254	367	0	3.45120313	-0.0227070668	-0.0227079253	-0.0227122277	-0.0227040353	2.52005807e-06	0.000227070668	0	0	0	0	3
255	369	0	3.46479054	-0.022708125	-0.0227078706	-0.0227122277	-0.0227040353	2.57473391e-06	0.00022708125	0	0	0	0	3
256	371	0	3.47837796	-0.0227080864	-0.0227077826	-0.0227122277	-0.0227040353	2.66269707e-06	0.000227080864	0	0	0	0	3
257	372	0	3.49196537	-0.0227086643	-0.0227077098	-0.0227122277	-0.0227040353	2.73555395e-06	0.000227086643	0	0	0	0	3
258	373	0	3.50555279	-0.0227067739	-0.0227075704	-0.0227122277	-0.0227040353	2.87490014e-06	0.000227067739	0	0	0	0	3
259	375	0	3.5191402	-0.0227072904	-0.0227074703	-0.0227122277	-0.0227040353	2.97498284e-06	0.000227072904	0	0	0	0	3
260	376	0	3.53272761	-0.0227072087	-0.0227073347	-0.0227110307	-0.0227040353	3.1091705e-06	0.000227072087	0	0	0	0	3
261	378	0	3.54631503	-0.022709059	-0.0227072814	-0.0227097905	-0.0227040353	3.1391577e-06	0.00022709059	0	0	0	0	3
262	379	0	3.55990244	-0.0227086278	-0.02270725	-0.0227091388	-0.0227040353	3.10701541e-06	0.000227086278	0	0	0	0	3
263	381	0	3.57348986	-0.022708904	-0.0227072487	-0.0227091388	-0.0227040353	3.01077766e-06	0.00022708904	0	0	0	0	3
264	382	0	3.58707727	-0.0227083161	-0.0227072679	-0.0227091388	-0.0227040353	2.91020488e-06	0.000227083161	0	0	0	0	3
265	384	0	3.60066468	-0.022708504	-0.0227073157	-0.0227091388	-0.0227040353	2.79500404e-06	0.00022708504	0	0	0	0	3
266	385	0	3.6142521	-0.0227086993	-0.0227073727	-0.0227091388	-0.0227040353	2.68481926e-06	0.000227086993	0	0	0	0	3
267	386	0	3.62783951	-0.0227081982	-0.0227074164	-0.0227091388	-0.0227040353	2.63854602e-06	0.000227081982	0	0	0	0	3
268	388	0	3.64142692	-0.0227086162	-0.0227074527	-0.0227091388	-0.0227040353	2.5734642e-06	0.000227086162	0	0	0	0	3
269	389	0	3.65501434	-0.0227094185	-0.0227075004	-0.0227094185	-0.0227040353	2.52080721e-06	0.000227094185	0	0	0	0	3
270	391	0	3.66860175	-0.0227088478	-0.0227075424	-0.0227094185	-0.0227040353	2.44030045e-06	0.000227088478	0	0	0	0	3
271	392	0	3.68218917	-0.0227091908	-0.0227076193	-0.0227094185	-0.0227040353	2.39627021e-06	0.000227091908	0	0	0	0	3
272	394	0	3.69577658	-0.022708071	-0.0227076417	-0.0227094185	-0.0227040353	2.33045192e-06	0.00022708071	0	0	0	0	3
273	395	0	3.70936399	-0.0227091008	-0.0227076767	-0.0227094185	-0.0227040353	2.27928273e-06	0.000227091008	0	0	0	0	3
274	397	0	3.72295141	-0.0227078914	-0.0227076849	-0.0227094185	-0.0227040353	2.16941789e-06	0.000227078914	0	0	0	0	3
275	398	0	3.73653882	-0.0227080578	-0.0227077347	-0.0227094185	-0.0227040353	2.06356885e-06	0.000227080578	0	0	0	0	3
276	400	0	3.75012624	-0.0227077977	-0.0227077847	-0.0227094185	-0.0227040353	1.91372781e-06	0.000227077977	0	0	0	0	3
277	401	0	3.76371365	-0.0227082483	-0.0227078624	-0.0227094185	-0.0227040353	1.81825871e-06	0.000227082483	0	0	0	0	3
278	402	0	3.77730106	-0.022707974	-0.0227079182	-0.0227094185	-0.0227040353	1.6534918e-06	0.00022707974	0	0	0	0	3
279	404	0	3.79088848	-0.0227097573	-0.0227080729	-0.0227097573	-0.022704861	1.53845295e-06	0.000227097573	0	0	0	0	3
280	405	0	3.80447589	-0.0227096335	-0.0227082018	-0.0227097573	-0.0227064404	1.43208401e-06	0.000227096335	0	0	0	0	3
281	407	0	3.81806331	-0.0227097071	-0.0227082901	-0.0227097573	-0.0227066512	1.38692207e-06	0.000227097071	0	0	0	0	3
282	408	0	3.83165072	-0.0227080941	-0.0227083068	-0.0227097573	-0.0227066512	1.31466191e-06	0.000227080941	0	0	0	0	3
283	410	0	3.84523813	-0.0227081574	-0.0227083475	-0.0227097573	-0.0227067739	1.27870578e-06	0.000227081574	0	0	0	0	3
284	411	0	3.85882555	-0.0227090531	-0.0227083918	-0.0227097573	-0.0227067739	1.21320501e-06	0.000227090531	0	0	0	0	3
285	413	0	3.87241296	-0.022709293	-0.0227084435	-0.0227097573	-0.0227067739	1.19478467e-06	0.00022709293	0	0	0	0	3
286	414	0	3.88600037	-0.0227088664	-0.0227084361	-0.0227097573	-0.0227067739	1.19478467e-06	0.000227088664	0	0	0	0	3
287	415	0	3.89958779	-0.0227090885	-0.0227084758	-0.0227097573	-0.0227067739	1.22704157e-06	0.000227090885	0	0	0	0	3
288	417	0	3.9131752	-0.0227094988	-0.0227085163	-0.0227097573	-0.0227067739	1.26754082e-06	0.000227094988	0	0	0	0	3
289	418	0	3.92676262	-0.0227100258	-0.0227085679	-0.0227100258	-0.0227067739	1.31921286e-06	0.000227100258	0	0	0	0	3
290	420	0	3.94035003	-0.0227090719	-0.0227085672	-0.0227100258	-0.0227067739	1.31921286e-06	0.000227090719	0	0	0	0	3
291	421	0	3.95393744	-0.0227088365	-0.022708615	-0.0227100258	-0.0227067739	1.36628165e-06	0.000227088365	0	0	0	0	3
292	423	0	3.96752486	-0.0227092108	-0.0227086443	-0.0227100258	-0.0227067739	1.39562636e-06	0.000227092108	0	0	0	0	3
293	424	0	3.98111227	-0.0227089898	-0.0227086688	-0.0227100258	-0.0227067739	1.42004061e-06	0.000227089898	0	0	0	0	3
294	426	0	3.99469969	-0.0227085	-0.0227086643	-0.0227100258	-0.0227067739	1.42004061e-06	0.000227085	0	0	0	0	3
295	427	0	4.0082871	-0.0227088204	-0.0227087196	-0.0227100258	-0.0227072087	1.47091205e-06	0.000227088204	0	0	0	0	3
