Iteration	CPUTime	PhysTime	Travels	Value	AvValue	MinValue	MaxValue	Delta	Criteria	PrevAvRefValue	Progress	CriteriaType	CriteriaVarType	CriteriaPercentage
1	9	0	0.0135874139	293.2	293.2	293.2	293.2	0	0	0	0	0	0	3
2	10	0	0.0271748278	293.2	293.2	293.2	293.2	2.68650524e-08	0	0	0	0	0	3
3	12	0	0.0407622417	293.2	293.2	293.2	293.2	5.4942177e-08	0	0	0	0	0	3
4	13	0	0.0543496556	293.2	293.2	293.2	293.2	8.35896117e-08	0	0	0	0	0	3
5	15	0	0.0679370695	293.2	293.2	293.2	293.2	1.18042067e-07	0	0	0	0	0	3
6	17	0	0.0815244834	293.2	293.2	293.2	293.2	1.58097919e-07	0	0	0	0	0	3
7	19	0	0.0951118973	293.200001	293.2	293.2	293.200001	2.14355964e-07	0	0	0	0	0	3
8	20	0	0.108699311	293.200001	293.2	293.2	293.200001	3.26844997e-07	0	0	0	0	0	3
9	22	0	0.122286725	293.20001	293.200001	293.2	293.20001	1.4469307e-06	0	0	0	0	0	3
10	23	0	0.135874139	293.200035	293.200005	293.2	293.200035	4.84151514e-06	0	0	0	0	0	3
11	25	0	0.149461553	293.201928	293.20018	293.2	293.201928	0.000179699591	0	0	0	0	0	3
12	26	0	0.163048967	293.204368	293.200529	293.2	293.204368	0.000528715114	0	0	0	0	0	3
13	27	0	0.176636381	293.206547	293.200992	293.2	293.206547	0.000991656226	0	0	0	0	0	3
14	29	0	0.190223795	293.208612	293.201536	293.2	293.208612	0.00153593528	0	0	0	0	0	3
15	30	0	0.203811208	293.210309	293.202121	293.2	293.210309	0.00212079221	0	0	0	0	0	3
16	32	0	0.217398622	293.213004	293.202801	293.2	293.213004	0.0028009933	0	0	0	0	0	3
17	33	0	0.230986036	293.215109	293.203525	293.2	293.215109	0.00352496717	0	0	0	0	0	3
18	34	0	0.24457345	293.217435	293.204298	293.2	293.217435	0.00429774334	0	0	0	0	0	3
19	36	0	0.258160864	293.219075	293.205075	293.2	293.219075	0.0050754683	0	0	0	0	0	3
20	37	0	0.271748278	293.221055	293.205874	293.2	293.221055	0.00587446374	0	0	0	0	0	3
21	39	0	0.285335692	293.222524	293.206667	293.2	293.222524	0.00666730524	0	0	0	0	0	3
22	40	0	0.298923106	293.224319	293.20747	293.2	293.224319	0.00746967391	0	0	0	0	0	3
23	41	0	0.31251052	293.22502	293.208233	293.2	293.22502	0.0082327439	0	0	0	0	0	3
24	42	0	0.326097934	293.226402	293.20899	293.2	293.226402	0.00898981163	0	0	0	0	0	3
25	44	0	0.339685347	293.227206	293.209718	293.2	293.227206	0.00971844764	0	0	0	0	0	3
26	45	0	0.353272761	293.228837	293.210454	293.2	293.228837	0.0104537952	0	0	0	0	0	3
27	46	0	0.366860175	293.229154	293.211146	293.2	293.229154	0.0111464036	0	0	0	0	0	3
28	48	0	0.380447589	293.23062	293.211842	293.2	293.23062	0.0118419045	0	0	0	0	0	3
29	49	0	0.394035003	293.230839	293.212497	293.2	293.230839	0.0124969861	0	0	0	0	0	3
30	51	0	0.407622417	293.232222	293.213155	293.2	293.232222	0.0131545004	0	0	0	0	0	3
31	52	0	0.421209831	293.232803	293.213788	293.2	293.232803	0.0137883129	0	0	0	0	0	3
32	53	0	0.434797245	293.233722	293.214411	293.2	293.233722	0.0144112312	0	0	0	0	0	3
33	55	0	0.448384659	293.234242	293.215012	293.2	293.234242	0.0150121599	0	0	0	0	0	3
34	56	0	0.461972073	293.235639	293.215619	293.2	293.235639	0.0156188282	0	0	0	0	0	3
35	57	0	0.475559486	293.235877	293.216198	293.2	293.235877	0.0161976447	0	0	0	0	0	3
36	59	0	0.4891469	293.236923	293.216773	293.2	293.236923	0.0167733396	0	0	0	0	0	3
37	60	0	0.502734314	293.237574	293.217336	293.2	293.237574	0.017335517	0	0	0	0	0	3
38	61	0	0.516321728	293.238468	293.218375	293.2	293.238468	0.0183751537	0	0	0	0	0	3
39	62	0	0.529909142	293.238942	293.219428	293.2	293.238942	0.0194276183	0	0	0	0	0	3
40	64	0	0.543496556	293.239843	293.220505	293.2	293.239843	0.0205044349	0	0	0	0	0	3
41	65	0	0.55708397	293.24068	293.221604	293.2	293.24068	0.0216038436	0	0	0	0	0	3
42	66	0	0.570671384	293.241831	293.222735	293.2	293.241831	0.0227343723	0	0	0	0	0	3
43	67	0	0.584258798	293.242503	293.223883	293.200001	293.242503	0.0238830304	0	0	0	0	0	3
44	69	0	0.597846212	293.242814	293.22504	293.200001	293.242814	0.0250400366	0	0	0	0	0	3
45	70	0	0.611433625	293.243484	293.226216	293.20001	293.243484	0.0262141165	0	0	0	0	0	3
46	71	0	0.625021039	293.244243	293.227411	293.200035	293.244243	0.0274061835	0	0	0	0	0	3
47	73	0	0.638608453	293.244432	293.228611	293.201928	293.244432	0.0284312351	0	0	0	0	0	3
48	74	0	0.652195867	293.245156	293.229779	293.204368	293.245156	0.0292505436	0	0	0	0	0	3
49	75	0	0.665783281	293.245728	293.230897	293.206547	293.245728	0.0299054476	0	0	0	0	0	3
50	77	0	0.679370695	293.246172	293.231968	293.208612	293.246172	0.0304321042	0	0	0	0	0	3
51	78	0	0.692958109	293.246298	293.232987	293.210309	293.246298	0.0308657907	0	0	0	0	0	3
52	79	0	0.706545523	293.246521	293.233965	293.213004	293.246521	0.0311642869	0	0	0	0	0	3
53	80	0	0.720132937	293.247009	293.234884	293.215109	293.247009	0.0313593707	0	0	0	0	0	3
54	82	0	0.733720351	293.247606	293.235763	293.217435	293.247606	0.0301710081	0	0	0	0	0	3
55	83	0	0.747307764	293.247599	293.236578	293.219075	293.247606	0.0285314287	0	0	0	0	0	3
56	84	0	0.760895178	293.247649	293.23735	293.221055	293.247649	0.0265932581	0	0	0	0	0	3
57	86	0	0.774482592	293.248232	293.238085	293.222524	293.248232	0.025708063	0	0	0	0	0	3
58	87	0	0.788070006	293.24789	293.23877	293.224319	293.248232	0.0239127823	0	0	0	0	0	3
59	88	0	0.80165742	293.248555	293.239425	293.22502	293.248555	0.023534334	0	0	0	0	0	3
60	90	0	0.815244834	293.248585	293.240062	293.226402	293.248585	0.022182828	0	0	0	0	0	3
61	91	0	0.828832248	293.249253	293.24068	293.227206	293.249253	0.0220468546	0	0	0	0	0	3
62	92	0	0.842419662	293.249359	293.241278	293.228837	293.249359	0.0205212285	0	0	0	0	0	3
63	93	0	0.856007076	293.249418	293.241835	293.229154	293.249418	0.020263621	0	0	0	0	0	3
64	95	0	0.869594489	293.249731	293.242391	293.23062	293.249731	0.0191101378	0	0	0	0	0	3
65	96	0	0.883181903	293.250106	293.242917	293.230839	293.250106	0.0192662836	0	0	0	0	0	3
66	97	0	0.896769317	293.250152	293.243439	293.232222	293.250152	0.0179296917	0	0	0	0	0	3
67	99	0	0.910356731	293.250305	293.243928	293.232803	293.250305	0.0175018142	0	0	0	0	0	3
68	100	0	0.923944145	293.250113	293.244396	293.233722	293.250305	0.0165828053	0	0	0	0	0	3
69	101	0	0.937531559	293.250177	293.244841	293.234242	293.250305	0.0160626261	0	0	0	0	0	3
70	103	0	0.951118973	293.250469	293.245279	293.235639	293.250469	0.0148299573	0	0	0	0	0	3
71	104	0	0.964706387	293.250599	293.245684	293.235877	293.250599	0.0147217892	0	0	0	0	0	3
72	105	0	0.978293801	293.250585	293.246081	293.236923	293.250599	0.0136765331	0	0	0	0	0	3
73	106	0	0.991881215	293.250994	293.246461	293.237574	293.250994	0.0134197472	0	0	0	0	0	3
74	108	0	1.00546863	293.251159	293.246829	293.238468	293.251159	0.0126912062	0.00153475938	0	0	0	0	3
75	109	0	1.01905604	293.251121	293.24717	293.238942	293.251159	0.0122164739	0.00153475938	0	0	0	0	3
76	110	0	1.03264346	293.251027	293.247497	293.239843	293.251159	0.011315372	0.00153475938	0	0	0	0	3
77	112	0	1.04623087	293.251405	293.24781	293.24068	293.251405	0.0107253708	0.00153722062	0	0	0	0	3
78	113	0	1.05981828	293.2513	293.248097	293.241831	293.251405	0.00957364234	0.00153845059	0	0	0	0	3
79	114	0	1.0734057	293.251631	293.248361	293.242503	293.251631	0.00912864903	0.00154054696	0	0	0	0	3
80	116	0	1.08699311	293.251549	293.248606	293.242814	293.251631	0.00881749269	0.00154194356	0	0	0	0	3
81	117	0	1.10058053	293.251589	293.248843	293.243484	293.251631	0.00814792792	0.00154293873	0	0	0	0	3
82	118	0	1.11416794	293.251202	293.249052	293.244243	293.251631	0.0073889501	0.00154365026	0	0	0	0	3
83	119	0	1.12775535	293.251841	293.249257	293.244432	293.251841	0.00740867306	0.00154481799	0	0	0	0	3
84	121	0	1.14134277	293.25152	293.249449	293.245156	293.251841	0.00668445027	0.00154007352	0	0	0	0	3
85	122	0	1.15493018	293.25184	293.249629	293.245728	293.251841	0.006112568	0.00153475938	0	0	0	0	3
86	123	0	1.1685176	293.251221	293.249778	293.246172	293.251841	0.00566915466	0.00153475938	0	0	0	0	3
87	125	0	1.18210501	293.251671	293.249926	293.246298	293.251841	0.00554305094	0.00153475938	0	0	0	0	3
88	126	0	1.19569242	293.25212	293.250084	293.246521	293.25212	0.0055995579	0.00153475938	0	0	0	0	3
89	127	0	1.20927984	293.252134	293.250235	293.247009	293.252134	0.00512507466	0.00153475938	0	0	0	0	3
90	128	0	1.22286725	293.25228	293.250378	293.247599	293.25228	0.00468156695	0.00153475938	0	0	0	0	3
91	130	0	1.23645466	293.25238	293.250507	293.247599	293.25238	0.00478107503	0.00153475938	0	0	0	0	3
92	131	0	1.25004208	293.252511	293.25064	293.247649	293.252511	0.00486236681	0.00153475938	0	0	0	0	3
93	132	0	1.26362949	293.252609	293.250774	293.24789	293.252609	0.0047184036	0.00153475938	0	0	0	0	3
94	134	0	1.27721691	293.252374	293.250886	293.24789	293.252609	0.0047184036	0.00153475938	0	0	0	0	3
95	135	0	1.29080432	293.252978	293.251023	293.248555	293.252978	0.00442303365	0.00153475938	0	0	0	0	3
96	136	0	1.30439173	293.252886	293.25114	293.248585	293.252978	0.00439245377	0.00153475938	0	0	0	0	3
97	137	0	1.31797915	293.253115	293.251263	293.249253	293.253115	0.00386225039	0.00153475938	0	0	0	0	3
98	139	0	1.33156656	293.252489	293.25135	293.249359	293.253115	0.00375610322	0.00153475938	0	0	0	0	3
99	140	0	1.34515398	293.252808	293.251443	293.249418	293.253115	0.00369697302	0.00153475938	0	0	0	0	3
100	141	0	1.35874139	293.252998	293.25154	293.249731	293.253115	0.0033842528	0.00153475938	0	0	0	0	3
101	143	0	1.3723288	293.252946	293.251627	293.250106	293.253115	0.0030092594	0.00153475938	0	0	0	0	3
102	145	0	1.38591622	293.252866	293.251702	293.250113	293.253115	0.00300231542	0.00153475938	0	0	0	0	3
103	146	0	1.39950363	293.253031	293.251779	293.250113	293.253115	0.00300231542	0.00153475938	0	0	0	0	3
104	147	0	1.41309105	293.253132	293.251856	293.250113	293.253132	0.0030195625	0.00153475938	0	0	0	0	3
105	149	0	1.42667846	293.25323	293.25194	293.250177	293.25323	0.00305396678	0.00153475938	0	0	0	0	3
106	150	0	1.44026587	293.253199	293.252022	293.250469	293.25323	0.00276163407	0.00153475938	0	0	0	0	3
107	151	0	1.45385329	293.253617	293.252107	293.250585	293.253617	0.00303183517	0.00153475938	0	0	0	0	3
108	153	0	1.4674407	293.253459	293.252184	293.250585	293.253617	0.00303183517	0.00153475938	0	0	0	0	3
109	154	0	1.48102811	293.253641	293.252267	293.250994	293.253641	0.00264743309	0.00153475938	0	0	0	0	3
110	155	0	1.49461553	293.253599	293.252337	293.251027	293.253641	0.00261424088	0.00153475938	0	0	0	0	3
111	157	0	1.50820294	293.253506	293.252401	293.251027	293.253641	0.00261424088	0.00153475938	0	0	0	0	3
112	158	0	1.52179036	293.253512	293.252465	293.251027	293.253641	0.00261424088	0.00153475938	0	0	0	0	3
113	160	0	1.53537777	293.253774	293.25254	293.251202	293.253774	0.00257151117	0.00153475938	0	0	0	0	3
114	161	0	1.54896518	293.253785	293.252604	293.251202	293.253785	0.0025822829	0.00153475938	0	0	0	0	3
115	162	0	1.5625526	293.254084	293.252679	293.251202	293.254084	0.00288214074	0.00153475938	0	0	0	0	3
116	164	0	1.57614001	293.253946	293.252742	293.251202	293.254084	0.00288214074	0.00153475938	0	0	0	0	3
117	165	0	1.58972743	293.254012	293.252808	293.251202	293.254084	0.00288214074	0.00153475938	0	0	0	0	3
118	167	0	1.60331484	293.253953	293.252872	293.251202	293.254084	0.00288214074	0.00153475938	0	0	0	0	3
119	168	0	1.61690225	293.254195	293.252953	293.251221	293.254195	0.00297348977	0.00153475938	0	0	0	0	3
120	169	0	1.63048967	293.254193	293.253017	293.251221	293.254195	0.00297348977	0.00153475938	0	0	0	0	3
121	171	0	1.64407708	293.254147	293.253088	293.251221	293.254195	0.00297348977	0.00153475938	0	0	0	0	3
122	172	0	1.6576645	293.253991	293.253146	293.251221	293.254195	0.00297348977	0.00153475938	0	0	0	0	3
123	174	0	1.67125191	293.254322	293.253229	293.251671	293.254322	0.00265035719	0.00153475938	0	0	0	0	3
124	175	0	1.68483932	293.254309	293.253301	293.25212	293.254322	0.00220163646	0.00153475938	0	0	0	0	3
125	177	0	1.69842674	293.254311	293.25336	293.252134	293.254322	0.00218756128	0.00153475938	0	0	0	0	3
126	178	0	1.71201415	293.253739	293.253403	293.25228	293.254322	0.00204132774	0.00153475938	0	0	0	0	3
127	180	0	1.72560157	293.253993	293.25345	293.252374	293.254322	0.00194825296	0.00153475938	0	0	0	0	3
128	181	0	1.73918898	293.254236	293.2535	293.252374	293.254322	0.00194825296	0.00153475938	0	0	0	0	3
129	183	0	1.75277639	293.254626	293.253557	293.252374	293.254626	0.00225265962	0.00153475938	0	0	0	0	3
130	184	0	1.76636381	293.254073	293.253597	293.252374	293.254626	0.00225265962	0.00153475938	0	0	0	0	3
131	186	0	1.77995122	293.254416	293.253652	293.252489	293.254626	0.00213705685	0.00153475938	0	0	0	0	3
132	188	0	1.79353863	293.254564	293.253695	293.252489	293.254626	0.00213705685	0.00153475938	0	0	0	0	3
133	189	0	1.80712605	293.254653	293.253742	293.252489	293.254653	0.00216357668	0.00153475938	0	0	0	0	3
134	191	0	1.82071346	293.254571	293.253782	293.252489	293.254653	0.00216357668	0.00153475938	0	0	0	0	3
135	193	0	1.83430088	293.254705	293.253842	293.252808	293.254705	0.00189744262	0.00153475938	0	0	0	0	3
136	194	0	1.84788829	293.254676	293.253892	293.252866	293.254705	0.00183943999	0.00153475938	0	0	0	0	3
137	196	0	1.8614757	293.254746	293.253939	293.252866	293.254746	0.00188075414	0.00153475938	0	0	0	0	3
138	197	0	1.87506312	293.254528	293.253982	293.252866	293.254746	0.00188075414	0.00153475938	0	0	0	0	3
139	199	0	1.88865053	293.254805	293.254034	293.253031	293.254805	0.00177414957	0.00153475938	0	0	0	0	3
140	200	0	1.90223795	293.254699	293.25408	293.253132	293.254805	0.00167267909	0.00153475938	0	0	0	0	3
141	201	0	1.91582536	293.255051	293.254131	293.253199	293.255051	0.00185233854	0.00153475938	0	0	0	0	3
142	203	0	1.92941277	293.254657	293.25417	293.253199	293.255051	0.00185233854	0.00153475938	0	0	0	0	3
143	204	0	1.94300019	293.254819	293.254214	293.253459	293.255051	0.00159222999	0.00153475938	0	0	0	0	3
144	206	0	1.9565876	293.254818	293.254246	293.253459	293.255051	0.00159222999	0.00153475938	0	0	0	0	3
145	207	0	1.97017502	293.254939	293.254286	293.253506	293.255051	0.00154485403	0.00153475938	0	0	0	0	3
146	209	0	1.98376243	293.254354	293.254306	293.253506	293.255051	0.00154485403	0.00153475938	0	0	0	0	3
147	210	0	1.99734984	293.254776	293.254337	293.253506	293.255051	0.00154485403	0.00153475938	0	0	0	0	3
148	212	0	2.01093726	293.25496	293.254377	293.253512	293.255051	0.00153953735	0.00153475938	0	0	0	0	3
149	213	0	2.02452467	293.254905	293.254414	293.253739	293.255051	0.00131253077	0.00153475938	0	0	0	0	3
150	214	0	2.03811208	293.254951	293.254446	293.253739	293.255051	0.00131253077	0.00153475938	0	0	0	0	3
151	216	0	2.0516995	293.255347	293.254488	293.253739	293.255347	0.00160816955	0.00153475938	0	0	0	0	3
152	217	0	2.06528691	293.255162	293.254517	293.253739	293.255347	0.00160816955	0.00153475938	0	0	0	0	3
153	219	0	2.07887433	293.254736	293.254539	293.253739	293.255347	0.00160816955	0.00153475938	0	0	0	0	3
154	220	0	2.09246174	293.25492	293.254563	293.253739	293.255347	0.00160816955	0.00153475938	0	0	0	0	3
155	222	0	2.10604915	293.255149	293.254596	293.253739	293.255347	0.00160816955	0.00153475938	0	0	0	0	3
156	223	0	2.11963657	293.254191	293.254596	293.253739	293.255347	0.00157912532	0.00153475938	0	0	0	0	3
157	224	0	2.13322398	293.254621	293.254607	293.253739	293.255347	0.00151958108	0.00153475938	0	0	0	0	3
158	226	0	2.1468114	293.254968	293.254629	293.253739	293.255347	0.00148364382	0.00153475938	0	0	0	0	3
159	227	0	2.16039881	293.255061	293.254658	293.253739	293.255347	0.00142878552	0.00153475938	0	0	0	0	3
160	229	0	2.17398622	293.2551	293.254679	293.253739	293.255347	0.00137854233	0.00153475938	0	0	0	0	3
161	230	0	2.18757364	293.2553	293.254706	293.253739	293.255347	0.00134611289	0.00153475938	0	0	0	0	3
162	232	0	2.20116105	293.255179	293.25473	293.253739	293.255347	0.00132622065	0.00153475938	0	0	0	0	3
163	233	0	2.21474847	293.255255	293.254771	293.253993	293.255347	0.00132092543	0.00153475938	0	0	0	0	3
164	235	0	2.22833588	293.25531	293.254806	293.254073	293.255347	0.00127341863	0.00153475938	0	0	0	0	3
165	236	0	2.24192329	293.25523	293.254833	293.254073	293.255347	0.00127341863	0.00153475938	0	0	0	0	3
166	237	0	2.25551071	293.254445	293.254828	293.254073	293.255347	0.00123646409	0.00153475938	0	0	0	0	3
167	239	0	2.26909812	293.255134	293.254857	293.254191	293.255347	0.00115553787	0.00153475938	0	0	0	0	3
168	241	0	2.28268553	293.255262	293.25488	293.254191	293.255347	0.00115553787	0.00153475938	0	0	0	0	3
169	243	0	2.29627295	293.255355	293.254901	293.254191	293.255355	0.00115869322	0.00153475938	0	0	0	0	3
170	244	0	2.30986036	293.255047	293.254912	293.254191	293.255355	0.00112997629	0.00153475938	0	0	0	0	3
171	246	0	2.32344778	293.255363	293.254933	293.254191	293.255363	0.00109148993	0.00153475938	0	0	0	0	3
172	247	0	2.33703519	293.255287	293.254949	293.254191	293.255363	0.00105672595	0.00153475938	0	0	0	0	3
173	249	0	2.3506226	293.255469	293.25497	293.254191	293.255469	0.00103092166	0.00153475938	0	0	0	0	3
174	250	0	2.36421002	293.255162	293.254981	293.254191	293.255469	0.000999388575	0.00153475938	0	0	0	0	3
175	251	0	2.37779743	293.25534	293.255003	293.254191	293.255469	0.000968928572	0.00153475938	0	0	0	0	3
176	253	0	2.39138485	293.255455	293.255021	293.254191	293.255469	0.000941414555	0.00153475938	0	0	0	0	3
177	254	0	2.40497226	293.255645	293.255047	293.254191	293.255645	0.000915121219	0.00153475938	0	0	0	0	3
178	256	0	2.41855967	293.255409	293.255056	293.254191	293.255645	0.000886241074	0.00153475938	0	0	0	0	3
179	257	0	2.43214709	293.255446	293.255078	293.254191	293.255645	0.000863801078	0.00153475938	0	0	0	0	3
180	259	0	2.4457345	293.255461	293.255095	293.254191	293.255645	0.00084868041	0.00153475938	0	0	0	0	3
181	260	0	2.45932192	293.255568	293.255115	293.254191	293.255645	0.000828952932	0.00153475938	0	0	0	0	3
182	261	0	2.47290933	293.255514	293.255131	293.254191	293.255645	0.000825251261	0.00153475938	0	0	0	0	3
183	263	0	2.48649674	293.255823	293.25517	293.254191	293.255823	0.00083314534	0.00153475938	0	0	0	0	3
184	264	0	2.50008416	293.255687	293.255195	293.254191	293.255823	0.000818475615	0.00153475938	0	0	0	0	3
185	266	0	2.51367157	293.255672	293.255214	293.254191	293.255823	0.000800072599	0.00153475938	0	0	0	0	3
186	267	0	2.52725899	293.255616	293.255234	293.254191	293.255823	0.000787481364	0.00153475938	0	0	0	0	3
187	268	0	2.5408464	293.256023	293.255263	293.254191	293.256023	0.000774235997	0.00153475938	0	0	0	0	3
188	270	0	2.55443381	293.255537	293.255268	293.254191	293.256023	0.00075024705	0.00153475938	0	0	0	0	3
189	271	0	2.56802123	293.255807	293.255285	293.254191	293.256023	0.000746316945	0.00153475938	0	0	0	0	3
190	273	0	2.58160864	293.255372	293.255302	293.254191	293.256023	0.000738965577	0.00153475938	0	0	0	0	3
191	274	0	2.59519605	293.255719	293.255324	293.254191	293.256023	0.000728343279	0.00153475938	0	0	0	0	3
192	276	0	2.60878347	293.255793	293.255341	293.254191	293.256023	0.000745746397	0.00153475938	0	0	0	0	3
193	277	0	2.62237088	293.256136	293.255394	293.254445	293.256136	0.000786737188	0.00153475938	0	0	0	0	3
194	279	0	2.6359583	293.255998	293.255431	293.254445	293.256136	0.00080176504	0.00153475938	0	0	0	0	3
195	280	0	2.64954571	293.256024	293.25546	293.254445	293.256136	0.0008013774	0.00153475938	0	0	0	0	3
196	281	0	2.66313312	293.255953	293.255484	293.254445	293.256136	0.000804454259	0.00153475938	0	0	0	0	3
197	283	0	2.67672054	293.256099	293.255511	293.254445	293.256136	0.000804653961	0.00153475938	0	0	0	0	3
198	284	0	2.69030795	293.255897	293.255527	293.254445	293.256136	0.000797320363	0.00153475938	0	0	0	0	3
199	286	0	2.70389537	293.256003	293.255549	293.254445	293.256136	0.000778603688	0.00153475938	0	0	0	0	3
200	287	0	2.71748278	293.256196	293.255575	293.254445	293.256196	0.000768416265	0.00153475938	0	0	0	0	3
201	289	0	2.73107019	293.256033	293.255594	293.254445	293.256196	0.000765992883	0.00153475938	0	0	0	0	3
202	291	0	2.74465761	293.255754	293.255608	293.254445	293.256196	0.000780146153	0.00153475938	0	0	0	0	3
203	292	0	2.75824502	293.256038	293.255651	293.255047	293.256196	0.000794560725	0.00153475938	0	0	0	0	3
204	294	0	2.77183244	293.256119	293.255678	293.255047	293.256196	0.000798291239	0.00153475938	0	0	0	0	3
205	296	0	2.78541985	293.256144	293.255702	293.255047	293.256196	0.000800732304	0.00153475938	0	0	0	0	3
206	297	0	2.79900726	293.255846	293.255715	293.255047	293.256196	0.000803361778	0.00153475938	0	0	0	0	3
207	299	0	2.81259468	293.256055	293.255742	293.255162	293.256196	0.000809212969	0.00153475938	0	0	0	0	3
208	301	0	2.82618209	293.25615	293.255764	293.255162	293.256196	0.000814741006	0.00153475938	0	0	0	0	3
209	302	0	2.8397695	293.256225	293.255789	293.255162	293.256225	0.000818638509	0.00153475938	0	0	0	0	3
210	304	0	2.85335692	293.255951	293.255802	293.255162	293.256225	0.00082041604	0.00153475938	0	0	0	0	3
211	305	0	2.86694433	293.256235	293.255831	293.25534	293.256235	0.000827473107	0.00153475938	0	0	0	0	3
212	307	0	2.88053175	293.256351	293.255858	293.255372	293.256351	0.000837224432	0.00153475938	0	0	0	0	3
213	308	0	2.89411916	293.256364	293.255883	293.255372	293.256364	0.000836203589	0.00153475938	0	0	0	0	3
214	310	0	2.90770657	293.256023	293.255893	293.255372	293.256364	0.000836746252	0.00153475938	0	0	0	0	3
215	311	0	2.92129399	293.256371	293.255919	293.255372	293.256371	0.000841414822	0.00153475938	0	0	0	0	3
216	312	0	2.9348814	293.256215	293.25594	293.255372	293.256371	0.000844813145	0.00153475938	0	0	0	0	3
217	314	0	2.94846882	293.256362	293.255964	293.255372	293.256371	0.00084889533	0.00153475938	0	0	0	0	3
218	315	0	2.96205623	293.25599	293.255976	293.255372	293.256371	0.000844731868	0.00153475938	0	0	0	0	3
219	317	0	2.97564364	293.256019	293.255989	293.255372	293.256371	0.000818670832	0.00153475938	0	0	0	0	3
220	318	0	2.98923106	293.255996	293.255994	293.255372	293.256371	0.000798719259	0.00153475938	0	0	0	0	3
221	320	0	3.00281847	293.256304	293.256011	293.255372	293.256371	0.000796156872	0.00153475938	0	0	0	0	3
222	321	0	3.01640589	293.256264	293.256026	293.255372	293.256371	0.000792920303	0.00153475938	0	0	0	0	3
223	322	0	3.0299933	293.256098	293.25604	293.255372	293.256371	0.000776970776	0.00153475938	0	0	0	0	3
224	324	0	3.04358071	293.256416	293.25605	293.255372	293.256416	0.000782437402	0.00153475938	0	0	0	0	3
225	325	0	3.05716813	293.256276	293.25607	293.255372	293.256416	0.000784980544	0.00153475938	0	0	0	0	3
226	327	0	3.07075554	293.256433	293.256087	293.255372	293.256433	0.000784723448	0.00153475938	0	0	0	0	3
227	328	0	3.08434295	293.256549	293.256119	293.255719	293.256549	0.000794933257	0.00153475938	0	0	0	0	3
228	330	0	3.09793037	293.256403	293.256137	293.255754	293.256549	0.000795006531	0.00153475938	0	0	0	0	3
229	331	0	3.11151778	293.256341	293.256152	293.255754	293.256549	0.000758274013	0.00153475938	0	0	0	0	3
230	332	0	3.1251052	293.256593	293.256164	293.255754	293.256593	0.00073340371	0.00153475938	0	0	0	0	3
231	334	0	3.13869261	293.256759	293.256185	293.255754	293.256759	0.000725436088	0.00153475938	0	0	0	0	3
232	335	0	3.15228002	293.256557	293.256199	293.255754	293.256759	0.00071571003	0.00153475938	0	0	0	0	3
233	337	0	3.16586744	293.256735	293.256221	293.255754	293.256759	0.000709851732	0.00153475938	0	0	0	0	3
234	338	0	3.17945485	293.256692	293.256237	293.255754	293.256759	0.0007097636	0.00153475938	0	0	0	0	3
235	340	0	3.19304227	293.256464	293.256252	293.255754	293.256759	0.000702823693	0.00153475938	0	0	0	0	3
236	341	0	3.20662968	293.256425	293.256263	293.255754	293.256759	0.000688795411	0.00153475938	0	0	0	0	3
237	342	0	3.22021709	293.256383	293.256268	293.255754	293.256759	0.000674338799	0.00153475938	0	0	0	0	3
238	344	0	3.23380451	293.255595	293.256257	293.255595	293.256759	0.000660185529	0.00153475938	0	0	0	0	3
239	345	0	3.24739192	293.255987	293.256263	293.255595	293.256759	0.000617114505	0.00153475938	0	0	0	0	3
240	347	0	3.26097934	293.256425	293.256273	293.255595	293.256759	0.000595432428	0.00153475938	0	0	0	0	3
241	348	0	3.27456675	293.256599	293.256286	293.255595	293.256759	0.000584573688	0.00153475938	0	0	0	0	3
242	350	0	3.28815416	293.25631	293.256291	293.255595	293.256759	0.000575779643	0.00153475938	0	0	0	0	3
243	351	0	3.30174158	293.256374	293.256305	293.255595	293.256759	0.000562789756	0.00153475938	0	0	0	0	3
244	352	0	3.31532899	293.256457	293.256316	293.255595	293.256759	0.000552387058	0.00153475938	0	0	0	0	3
245	354	0	3.32891641	293.256558	293.256327	293.255595	293.256759	0.00053809194	0.00153475938	0	0	0	0	3
246	355	0	3.34250382	293.256565	293.256336	293.255595	293.256759	0.00053427732	0.00153475938	0	0	0	0	3
247	357	0	3.35609123	293.256526	293.256352	293.255595	293.256759	0.000520825164	0.00153475938	0	0	0	0	3
248	358	0	3.36967865	293.25667	293.256363	293.255595	293.256759	0.000505258667	0.00153475938	0	0	0	0	3
249	360	0	3.38326606	293.256981	293.256381	293.255595	293.256981	0.000497739124	0.00153475938	0	0	0	0	3
250	361	0	3.39685347	293.256603	293.256387	293.255595	293.256981	0.000494010691	0.00153475938	0	0	0	0	3
251	363	0	3.41044089	293.256702	293.256405	293.255595	293.256981	0.000486352695	0.00153475938	0	0	0	0	3
252	364	0	3.4240283	293.2567	293.256414	293.255595	293.256981	0.00047448795	0.00153475938	0	0	0	0	3
253	366	0	3.43761572	293.256778	293.256429	293.255595	293.256981	0.000465362582	0.00153475938	0	0	0	0	3
254	367	0	3.45120313	293.25681	293.256442	293.255595	293.256981	0.000466071192	0.00153475938	0	0	0	0	3
255	369	0	3.46479054	293.256712	293.256461	293.255595	293.256981	0.000471947104	0.00153475938	0	0	0	0	3
256	371	0	3.47837796	293.256831	293.256483	293.255595	293.256981	0.000489196122	0.00153475938	0	0	0	0	3
257	372	0	3.49196537	293.256857	293.256506	293.255595	293.256981	0.000495780543	0.00153475938	0	0	0	0	3
258	373	0	3.50555279	293.256945	293.256524	293.255595	293.256981	0.000497115456	0.00153475938	0	0	0	0	3
259	375	0	3.5191402	293.256555	293.256531	293.255595	293.256981	0.000491945775	0.00153475938	0	0	0	0	3
260	376	0	3.53272761	293.256828	293.256551	293.255595	293.256981	0.000501049792	0.00153475938	0	0	0	0	3
261	378	0	3.54631503	293.256907	293.256564	293.255595	293.256981	0.000494339128	0.00153475938	0	0	0	0	3
262	379	0	3.55990244	293.25674	293.256577	293.255595	293.256981	0.000489957386	0.00153475938	0	0	0	0	3
263	381	0	3.57348986	293.256718	293.256585	293.255595	293.256981	0.000465830467	0.00153475938	0	0	0	0	3
264	382	0	3.58707727	293.256894	293.256594	293.255595	293.256981	0.000456658446	0.00153475938	0	0	0	0	3
265	384	0	3.60066468	293.257013	293.25661	293.255595	293.257013	0.000458322727	0.00153475938	0	0	0	0	3
266	385	0	3.6142521	293.256947	293.256627	293.255595	293.257013	0.00046238205	0.00153475938	0	0	0	0	3
267	386	0	3.62783951	293.256921	293.256636	293.255595	293.257013	0.000450663505	0.00153475938	0	0	0	0	3
268	388	0	3.64142692	293.256665	293.256633	293.255595	293.257013	0.0004362742	0.00153475938	0	0	0	0	3
269	389	0	3.65501434	293.256937	293.256643	293.255595	293.257013	0.000422886005	0.00153475938	0	0	0	0	3
270	391	0	3.66860175	293.257045	293.256652	293.255595	293.257045	0.000415221383	0.00153475938	0	0	0	0	3
271	392	0	3.68218917	293.256901	293.256658	293.255595	293.257045	0.000405542933	0.00153475938	0	0	0	0	3
272	394	0	3.69577658	293.256718	293.256664	293.255595	293.257045	0.000407767706	0.00153475938	0	0	0	0	3
273	395	0	3.70936399	293.256997	293.25668	293.255595	293.257045	0.000423237383	0.00153475938	0	0	0	0	3
274	397	0	3.72295141	293.256992	293.256696	293.255595	293.257045	0.000439687596	0.00153475938	0	0	0	0	3
275	398	0	3.73653882	293.256894	293.256731	293.255987	293.257045	0.000468462163	0.00153475938	0	0	0	0	3
276	400	0	3.75012624	293.256654	293.256749	293.25631	293.257045	0.000476045037	0.00153475938	0	0	0	0	3
277	401	0	3.76371365	293.256903	293.256762	293.25631	293.257045	0.000476010792	0.00153475938	0	0	0	0	3
278	402	0	3.77730106	293.256962	293.256772	293.25631	293.257045	0.000481345263	0.00153475938	0	0	0	0	3
279	404	0	3.79088848	293.256897	293.256788	293.256374	293.257045	0.000482948954	0.00153475938	0	0	0	0	3
280	405	0	3.80447589	293.25686	293.256801	293.256457	293.257045	0.000485220915	0.00153475938	0	0	0	0	3
281	407	0	3.81806331	293.256903	293.256813	293.256526	293.257045	0.000486238856	0.00153475938	0	0	0	0	3
282	408	0	3.83165072	293.257037	293.256826	293.256526	293.257045	0.00048996914	0.00153475938	0	0	0	0	3
283	410	0	3.84523813	293.256836	293.256833	293.256526	293.257045	0.000481739163	0.00153475938	0	0	0	0	3
284	411	0	3.85882555	293.257017	293.256847	293.256555	293.257045	0.000483255852	0.00153475938	0	0	0	0	3
285	413	0	3.87241296	293.257067	293.256857	293.256555	293.257067	0.000476952538	0.00153475938	0	0	0	0	3
286	414	0	3.88600037	293.257055	293.256859	293.256555	293.257067	0.000472468729	0.00153475938	0	0	0	0	3
287	415	0	3.89958779	293.256942	293.256869	293.256555	293.257067	0.000463268466	0.00153475938	0	0	0	0	3
288	417	0	3.9131752	293.256949	293.256875	293.256555	293.257067	0.000461035984	0.00153475938	0	0	0	0	3
289	418	0	3.92676262	293.257072	293.256885	293.256555	293.257072	0.000455860165	0.00153475938	0	0	0	0	3
290	420	0	3.94035003	293.256989	293.256891	293.256555	293.257072	0.000449457666	0.00153475938	0	0	0	0	3
291	421	0	3.95393744	293.256897	293.256893	293.256555	293.257072	0.000432277418	0.00153475938	0	0	0	0	3
292	423	0	3.96752486	293.256789	293.256895	293.256555	293.257072	0.000412415166	0.00153475938	0	0	0	0	3
293	424	0	3.98111227	293.256883	293.256897	293.256555	293.257072	0.000390564161	0.00153475938	0	0	0	0	3
294	426	0	3.99469969	293.256929	293.256899	293.256555	293.257072	0.000375176573	0.00153475938	0	0	0	0	3
295	427	0	4.0082871	293.256953	293.256899	293.256555	293.257072	0.000367530608	0.00153475938	0	0	0	0	3
