Iteration	CPUTime	PhysTime	Travels	Value	AvValue	MinValue	MaxValue	Delta	Criteria	PrevAvRefValue	Progress	CriteriaType	CriteriaVarType	CriteriaPercentage
1	4	0	0.0133457773	101247.114	101247.114	101247.114	101247.114	0	0	0	0	0	0	3
2	5	0	0.0266915546	101215.401	101231.257	101215.401	101247.114	15.856671	0	0	0	0	0	3
3	5	0	0.0400373319	101206.155	101222.89	101206.155	101247.114	24.2242127	0	0	0	0	0	3
4	6	0	0.0533831093	101200.501	101217.293	101200.501	101247.114	29.8213559	0	0	0	0	0	3
5	7	0	0.0667288866	101205.241	101214.882	101200.501	101247.114	32.2317491	0	0	0	0	0	3
6	7	0	0.0800746639	101204.393	101213.134	101200.501	101247.114	33.9800064	0	0	0	0	0	3
7	8	0	0.0934204412	101207.71	101212.359	101200.501	101247.114	34.7548625	0	0	0	0	0	3
8	9	0	0.106766219	101207.548	101211.758	101200.501	101247.114	35.3562479	0	0	0	0	0	3
9	10	0	0.120111996	101209.703	101211.53	101200.501	101247.114	35.5845166	0	0	0	0	0	3
10	11	0	0.133457773	101209.176	101211.294	101200.501	101247.114	35.8198331	0	0	0	0	0	3
11	11	0	0.14680355	101210.585	101211.23	101200.501	101247.114	35.8842742	0	0	0	0	0	3
12	12	0	0.160149328	101210.041	101211.131	101200.501	101247.114	35.9833864	0	0	0	0	0	3
13	13	0	0.173495105	101211.266	101211.141	101200.501	101247.114	35.9833864	0	0	0	0	0	3
14	14	0	0.186840882	101210.415	101211.089	101200.501	101247.114	36.0248352	0	0	0	0	0	3
15	15	0	0.20018666	101211.082	101211.089	101200.501	101247.114	36.0252998	0	0	0	0	0	3
16	15	0	0.213532437	101210.366	101211.044	101200.501	101247.114	36.0704493	0	0	0	0	0	3
17	16	0	0.226878214	101210.927	101211.037	101200.501	101247.114	36.0773114	0	0	0	0	0	3
18	17	0	0.240223992	101210.852	101211.027	101200.501	101247.114	36.0875687	0	0	0	0	0	3
19	18	0	0.253569769	101211.62	101211.058	101200.501	101247.114	36.0875687	0	0	0	0	0	3
20	18	0	0.266915546	101211.293	101211.07	101200.501	101247.114	36.0875687	0	0	0	0	0	3
21	19	0	0.280261324	101211.549	101211.092	101200.501	101247.114	36.0875687	0	0	0	0	0	3
22	20	0	0.293607101	101211.405	101211.107	101200.501	101247.114	36.0875687	0	0	0	0	0	3
23	21	0	0.306952878	101211.609	101211.128	101200.501	101247.114	36.0875687	0	0	0	0	0	3
24	22	0	0.320298656	101211.675	101211.151	101200.501	101247.114	36.0875687	0	0	0	0	0	3
25	22	0	0.333644433	101211.495	101211.165	101200.501	101247.114	36.0875687	0	0	0	0	0	3
26	23	0	0.34699021	101211.852	101211.191	101200.501	101247.114	36.0875687	0	0	0	0	0	3
27	24	0	0.360335987	101211.624	101211.207	101200.501	101247.114	36.0875687	0	0	0	0	0	3
28	25	0	0.373681765	101211.752	101211.227	101200.501	101247.114	36.0875687	0	0	0	0	0	3
29	25	0	0.387027542	101211.602	101211.24	101200.501	101247.114	36.0875687	0	0	0	0	0	3
30	26	0	0.400373319	101211.659	101211.254	101200.501	101247.114	36.0875687	0	0	0	0	0	3
31	27	0	0.413719097	101211.79	101211.271	101200.501	101247.114	36.0875687	0	0	0	0	0	3
32	28	0	0.427064874	101211.633	101211.282	101200.501	101247.114	36.0875687	0	0	0	0	0	3
33	29	0	0.440410651	101211.722	101211.296	101200.501	101247.114	36.0875687	0	0	0	0	0	3
34	29	0	0.453756429	101211.933	101211.314	101200.501	101247.114	36.0875687	0	0	0	0	0	3
35	30	0	0.467102206	101211.675	101211.325	101200.501	101247.114	36.0875687	0	0	0	0	0	3
36	31	0	0.480447983	101211.727	101211.336	101200.501	101247.114	36.0875687	0	0	0	0	0	3
37	32	0	0.493793761	101211.753	101211.347	101200.501	101247.114	36.0875687	0	0	0	0	0	3
38	33	0	0.507139538	101211.683	101211.356	101200.501	101247.114	36.0875687	0	0	0	0	0	3
39	34	0	0.520485315	101211.698	101210.424	101200.501	101215.401	14.8994435	0	0	0	0	0	3
40	35	0	0.533831093	101211.75	101210.328	101200.501	101211.933	11.4314671	0	0	0	0	0	3
41	35	0	0.54717687	101211.635	101210.472	101200.501	101211.933	6.96481516	0	0	0	0	0	3
42	36	0	0.560522647	101211.683	101210.766	101204.393	101211.933	4.55442192	0	0	0	0	0	3
43	37	0	0.573868425	101211.686	101210.936	101204.393	101211.933	2.80616462	0	0	0	0	0	3
44	38	0	0.587214202	101211.662	101211.127	101207.548	101211.933	2.03130856	0	0	0	0	0	3
45	39	0	0.600559979	101211.757	101211.234	101207.548	101211.933	1.42992318	0	0	0	0	0	3
46	40	0	0.613905756	101211.743	101211.344	101209.176	101211.933	1.20165445	0	0	0	0	0	3
47	40	0	0.627251534	101211.82	101211.4	101209.176	101211.933	1.07196035	0	0	0	0	0	3
48	41	0	0.640597311	101211.907	101211.472	101210.041	101211.933	1.14381129	0	0	0	0	0	3
49	42	0	0.653943088	101211.973	101211.508	101210.041	101211.973	1.18032581	0	0	0	0	0	3
50	43	0	0.667288866	101212	101211.56	101210.366	101212	1.23190008	0	0	0	0	0	3
51	43	0	0.680634643	101212.045	101211.58	101210.366	101212.045	1.25240568	0	0	0	0	0	3
52	44	0	0.69398042	101212.026	101211.623	101210.366	101212.045	1.29479725	0	0	0	0	0	3
53	45	0	0.707326198	101212.063	101211.649	101210.366	101212.063	1.32059948	0	0	0	0	0	3
54	46	0	0.720671975	101212.092	101211.694	101210.852	101212.092	1.23936451	0	0	0	0	0	3
55	47	0	0.734017752	101212.172	101211.727	101210.852	101212.172	1.31941409	0	0	0	0	0	3
56	47	0	0.74736353	101212.135	101211.76	101211.293	101212.172	0.878574756	0	0	0	0	0	3
57	48	0	0.760709307	101212.212	101211.776	101211.293	101212.212	0.918624743	0	0	0	0	0	3
58	49	0	0.774055084	101212.248	101211.801	101211.405	101212.248	0.842842938	0	0	0	0	0	3
59	50	0	0.787400862	101212.315	101211.821	101211.405	101212.315	0.910165456	0	0	0	0	0	3
60	51	0	0.800746639	101212.355	101211.846	101211.495	101212.355	0.859806057	0	0	0	0	0	3
61	51	0	0.814092416	101212.37	101211.866	101211.495	101212.37	0.874473237	0	0	0	0	0	3
62	52	0	0.827438193	101212.29	101211.883	101211.495	101212.37	0.874473237	0	0	0	0	0	3
63	53	0	0.840783971	101212.317	101211.904	101211.602	101212.37	0.767460537	0	0	0	0	0	3
64	54	0	0.854129748	101212.308	101211.916	101211.602	101212.37	0.767460537	0	0	0	0	0	3
65	55	0	0.867475525	101212.267	101211.933	101211.602	101212.37	0.767460537	0	0	0	0	0	3
66	55	0	0.880821303	101212.335	101211.948	101211.602	101212.37	0.767460537	0	0	0	0	0	3
67	56	0	0.89416708	101212.387	101211.969	101211.633	101212.387	0.753853451	0	0	0	0	0	3
68	57	0	0.907512857	101212.422	101211.989	101211.633	101212.422	0.789021897	0	0	0	0	0	3
69	58	0	0.920858635	101212.398	101212.005	101211.633	101212.422	0.789021897	0	0	0	0	0	3
70	59	0	0.934204412	101212.419	101212.026	101211.635	101212.422	0.787821518	0	0	0	0	0	3
71	59	0	0.947550189	101212.524	101212.047	101211.635	101212.524	0.889655913	0	0	0	0	0	3
72	60	0	0.960895967	101212.449	101212.061	101211.635	101212.524	0.889655913	0	0	0	0	0	3
73	61	0	0.974241744	101212.454	101212.081	101211.635	101212.524	0.889655913	0	0	0	0	0	3
74	62	0	0.987587521	101212.554	101212.103	101211.635	101212.554	0.919033009	0	0	0	0	0	3
75	63	0	1.0009333	101212.554	101212.124	101211.635	101212.554	0.919107055	0.361569557	0	39.3	0	0	3
76	63	0	1.01427908	101212.597	101212.148	101211.635	101212.597	0.962766035	0.362879326	0	37.6	0	0	3
77	64	0	1.02762485	101212.656	101212.173	101211.635	101212.656	1.02128022	0.363757039	0	35.6	0	0	3
78	65	0	1.04097063	101212.734	101212.199	101211.635	101212.734	1.09937081	0.364830516	0	33.1	0	0	3
79	66	0	1.05431641	101212.808	101212.23	101211.662	101212.808	1.14627804	0.361569557	0	31.5	0	0	3
80	67	0	1.06766219	101212.833	101212.26	101211.662	101212.833	1.17137536	0.361569557	0	30.8	0	0	3
81	67	0	1.08100796	101212.909	101212.292	101211.662	101212.909	1.16501274	0.361569557	0	31	0	0	3
82	68	0	1.09435374	101212.931	101212.326	101211.743	101212.931	1.09191433	0.361569557	0	33.1	0	0	3
83	69	0	1.10769952	101213.014	101212.359	101211.743	101213.014	1.01459472	0.361569557	0	35.6	0	0	3
84	70	0	1.12104529	101212.99	101212.392	101211.82	101213.014	0.99172228	0.361569557	0	36.4	0	0	3
85	71	0	1.13439107	101212.996	101212.423	101211.907	101213.014	0.950816079	0.361569557	0	38	0	0	3
86	71	0	1.14773685	101212.961	101212.45	101211.973	101213.014	0.942032878	0.361569557	0	38.3	0	0	3
87	72	0	1.16108263	101212.944	101212.476	101212	101213.014	0.916017377	0.361569557	0	39.4	0	0	3
88	73	0	1.1744284	101212.952	101212.501	101212.026	101213.014	0.920546641	0.361569557	0	39.2	0	0	3
89	74	0	1.18777418	101212.985	101212.526	101212.026	101213.014	0.902893208	0.361569557	0	40	0	0	3
90	75	0	1.20111996	101213.008	101212.551	101212.063	101213.014	0.902946467	0.361569557	0	40	0	0	3
91	76	0	1.21446574	101213.005	101212.576	101212.092	101213.014	0.882356121	0.361569557	0	40.9	0	0	3
92	76	0	1.22781151	101212.999	101212.6	101212.135	101213.014	0.873487819	0.361569557	0	41.3	0	0	3
93	77	0	1.24115729	101212.995	101212.622	101212.135	101213.014	0.861387384	0.361569557	0	41.9	0	0	3
94	78	0	1.25450307	101213.066	101212.646	101212.212	101213.066	0.854184644	0.361569557	0	42.3	0	0	3
95	79	0	1.26784884	101213.057	101212.669	101212.248	101213.066	0.817833539	0.361569557	0	44.2	0	0	3
96	80	0	1.28119462	101213.113	101212.691	101212.267	101213.113	0.845915449	0.361569557	0	42.7	0	0	3
97	80	0	1.2945404	101213.062	101212.711	101212.267	101213.113	0.845915449	0.361569557	0	42.7	0	0	3
98	81	0	1.30788618	101213.093	101212.73	101212.267	101213.113	0.845915449	0.361569557	0	42.7	0	0	3
99	82	0	1.32123195	101213.094	101212.749	101212.267	101213.113	0.845915449	0.361569557	0	42.7	0	0	3
100	83	0	1.33457773	101213.115	101212.771	101212.267	101213.115	0.847741898	0.361569557	0	42.6	0	0	3
101	84	0	1.34792351	101213.188	101212.794	101212.267	101213.188	0.877924919	0.361569557	0	41.1	0	0	3
102	85	0	1.36126929	101213.19	101212.817	101212.267	101213.19	0.884199583	0.361569557	0	40.8	0	0	3
103	86	0	1.37461506	101213.129	101212.84	101212.335	101213.19	0.855159048	0.361569557	0	42.2	0	0	3
104	87	0	1.38796084	101213.097	101212.86	101212.387	101213.19	0.802608922	0.361569557	0	45	0	0	3
105	88	0	1.40130662	101213.062	101212.878	101212.398	101213.19	0.791629127	0.361569557	0	45.6	0	0	3
106	88	0	1.4146524	101213.051	101212.894	101212.398	101213.19	0.791629127	0.361569557	0	45.6	0	0	3
107	89	0	1.42799817	101213.051	101212.912	101212.419	101213.19	0.771165047	0.361569557	0	46.8	0	0	3
108	90	0	1.44134395	101213.043	101212.928	101212.449	101213.19	0.740578318	0.361569557	0	48.8	0	0	3
109	91	0	1.45468973	101213.056	101212.942	101212.449	101213.19	0.740578318	0.361569557	0	48.8	0	0	3
110	91	0	1.4680355	101213.025	101212.957	101212.454	101213.19	0.735625036	0.361569557	0	49.1	0	0	3
111	92	0	1.48138128	101213.086	101212.974	101212.554	101213.19	0.636228985	0.361569557	0	56.8	0	0	3
112	93	0	1.49472706	101213.042	101212.987	101212.554	101213.19	0.636154939	0.361569557	0	56.8	0	0	3
113	94	0	1.50807284	101213.037	101212.999	101212.597	101213.19	0.592495959	0.361569557	0	61	0	0	3
114	95	0	1.52141861	101212.992	101213.01	101212.656	101213.19	0.533981773	0.361569557	0	67.7	0	0	3
115	96	0	1.53476439	101212.953	101213.017	101212.734	101213.19	0.455891183	0.361569557	0	79.3	0	0	3
116	97	0	1.54811017	101213.005	101213.025	101212.808	101213.19	0.381937061	0.361569557	0	94.6	0	0	3
117	97	0	1.56145595	101213.001	101213.03	101212.833	101213.19	0.356839749	0.361569557	0	100	0	0	3
118	98	0	1.57480172	101212.999	101213.034	101212.909	101213.19	0.281269165	0.361569557	0	100	0	0	3
119	99	0	1.5881475	101212.979	101213.036	101212.931	101213.19	0.258955942	0.361569557	0	100	0	0	3
120	100	0	1.60149328	101212.986	101213.037	101212.944	101213.19	0.245588223	0.361569557	0	100	0	0	3
121	101	0	1.61483906	101212.981	101213.037	101212.944	101213.19	0.245588223	0.361569557	0	100	0	0	3
122	102	0	1.62818483	101213.054	101213.038	101212.944	101213.19	0.245588223	0.361569557	0	100	0	0	3
123	102	0	1.64153061	101213.037	101213.039	101212.944	101213.19	0.245588223	0.361569557	0	100	0	0	3
124	103	0	1.65487639	101213.048	101213.042	101212.944	101213.19	0.245588223	0.361569557	0	100	0	0	3
125	104	0	1.66822216	101213.078	101213.045	101212.952	101213.19	0.238161181	0.361569557	0	100	0	0	3
126	105	0	1.68156794	101213.107	101213.049	101212.953	101213.19	0.237286603	0.361569557	0	100	0	0	3
127	106	0	1.69491372	101213.155	101213.054	101212.953	101213.19	0.237286603	0.361569557	0	100	0	0	3
128	107	0	1.7082595	101213.183	101213.058	101212.953	101213.19	0.237286603	0.361569557	0	100	0	0	3
129	107	0	1.72160527	101213.254	101213.065	101212.953	101213.254	0.301857742	0.361569557	0	100	0	0	3
130	108	0	1.73495105	101213.216	101213.07	101212.953	101213.254	0.301857742	0.361569557	0	100	0	0	3
131	109	0	1.74829683	101213.224	101213.077	101212.953	101213.254	0.301857742	0.361569557	0	100	0	0	3
132	110	0	1.76164261	101213.309	101213.083	101212.953	101213.309	0.355980557	0.361569557	0	100	0	0	3
133	111	0	1.77498838	101213.233	101213.088	101212.953	101213.309	0.355980557	0.361569557	0	100	0	0	3
134	111	0	1.78833416	101213.211	101213.09	101212.953	101213.309	0.355980557	0.361569557	0	100	0	0	3
135	112	0	1.80167994	101213.167	101213.093	101212.953	101213.309	0.355980557	0.361569557	0	100	0	0	3
136	113	0	1.81502571	101213.103	101213.093	101212.953	101213.309	0.343692627	0.361569557	0	100	0	0	3
137	114	0	1.82837149	101213.111	101213.094	101212.953	101213.309	0.322430485	0.361569557	0	100	0	0	3
138	115	0	1.84171727	101213.081	101213.093	101212.953	101213.309	0.299512913	0.361569557	0	100	0	0	3
139	115	0	1.85506305	101213.104	101213.09	101212.953	101213.309	0.276303195	0.361569557	0	100	0	0	3
140	116	0	1.86840882	101213.147	101213.089	101212.953	101213.309	0.253638625	0.361569557	0	100	0	0	3
141	117	0	1.8817546	101213.04	101213.087	101212.953	101213.309	0.233565171	0.361569557	0	100	0	0	3
142	118	0	1.89510038	101213.06	101213.086	101212.953	101213.309	0.215798676	0.361569557	0	100	0	0	3
143	119	0	1.90844616	101212.999	101213.084	101212.953	101213.309	0.199245365	0.361569557	0	100	0	0	3
144	119	0	1.92179193	101213.029	101213.084	101212.953	101213.309	0.182069388	0.361569557	0	100	0	0	3
145	120	0	1.93513771	101212.97	101213.082	101212.953	101213.309	0.1656374	0.361569557	0	100	0	0	3
146	121	0	1.94848349	101213.042	101213.082	101212.953	101213.309	0.151644961	0.361569557	0	100	0	0	3
147	122	0	1.96182927	101213.013	101213.081	101212.953	101213.309	0.136501739	0.361569557	0	100	0	0	3
148	123	0	1.97517504	101213.045	101213.081	101212.953	101213.309	0.119874111	0.361569557	0	100	0	0	3
149	123	0	1.98852082	101213.039	101213.08	101212.953	101213.309	0.107024329	0.361569557	0	100	0	0	3
150	124	0	2.0018666	101213.077	101213.081	101212.953	101213.309	0.0943167767	0.361569557	0	100	0	0	3
151	125	0	2.01521237	101213.135	101213.083	101212.953	101213.309	0.0839221112	0.361569557	0	100	0	0	3
152	126	0	2.02855815	101213.217	101213.089	101212.953	101213.309	0.0761143436	0.361569557	0	100	0	0	3
153	127	0	2.04190393	101213.241	101213.097	101212.97	101213.309	0.0721381749	0.361569557	0	100	0	0	3
154	128	0	2.05524971	101213.277	101213.104	101212.97	101213.309	0.0741913003	0.361569557	0	100	0	0	3
155	128	0	2.06859548	101213.266	101213.111	101212.97	101213.309	0.0767886832	0.361569557	0	100	0	0	3
156	129	0	2.08194126	101213.25	101213.117	101212.97	101213.309	0.0815631063	0.361569557	0	100	0	0	3
157	130	0	2.09528704	101213.303	101213.126	101212.97	101213.309	0.0895045121	0.361569557	0	100	0	0	3
158	131	0	2.10863282	101213.261	101213.133	101212.97	101213.309	0.0967483699	0.361569557	0	100	0	0	3
159	132	0	2.12197859	101213.276	101213.141	101212.97	101213.309	0.102854803	0.361569557	0	100	0	0	3
160	133	0	2.13532437	101213.268	101213.147	101212.97	101213.309	0.107438932	0.361569557	0	100	0	0	3
161	133	0	2.14867015	101213.341	101213.155	101212.97	101213.341	0.113129612	0.361569557	0	100	0	0	3
162	134	0	2.16201592	101213.366	101213.163	101212.97	101213.366	0.117958504	0.361569557	0	100	0	0	3
163	135	0	2.1753617	101213.366	101213.171	101212.97	101213.366	0.12144908	0.361569557	0	100	0	0	3
164	136	0	2.18870748	101213.431	101213.179	101212.97	101213.431	0.125515213	0.361569557	0	100	0	0	3
165	137	0	2.20205326	101213.378	101213.185	101212.97	101213.431	0.126789768	0.361569557	0	100	0	0	3
166	137	0	2.21539903	101213.407	101213.191	101212.97	101213.431	0.12613851	0.361569557	0	100	0	0	3
167	138	0	2.22874481	101213.363	101213.194	101212.97	101213.431	0.123277482	0.361569557	0	100	0	0	3
168	139	0	2.24209059	101213.378	101213.198	101212.97	101213.431	0.121503165	0.361569557	0	100	0	0	3
169	140	0	2.25543637	101213.319	101213.201	101212.97	101213.431	0.12073175	0.361569557	0	100	0	0	3
170	141	0	2.26878214	101213.407	101213.203	101212.97	101213.431	0.123328995	0.361569557	0	100	0	0	3
171	142	0	2.28212792	101213.353	101213.206	101212.97	101213.431	0.126492892	0.361569557	0	100	0	0	3
172	143	0	2.2954737	101213.358	101213.21	101212.97	101213.431	0.130364147	0.361569557	0	100	0	0	3
173	143	0	2.30881948	101213.283	101213.213	101212.97	101213.431	0.13340843	0.361569557	0	100	0	0	3
174	144	0	2.32216525	101213.304	101213.218	101212.97	101213.431	0.138698173	0.361569557	0	100	0	0	3
175	145	0	2.33551103	101213.249	101213.222	101212.97	101213.431	0.142333451	0.361569557	0	100	0	0	3
176	146	0	2.34885681	101213.243	101213.226	101212.97	101213.431	0.146596852	0.361569557	0	100	0	0	3
177	147	0	2.36220258	101213.22	101213.229	101212.97	101213.431	0.149657763	0.361569557	0	100	0	0	3
178	147	0	2.37554836	101213.201	101213.231	101212.97	101213.431	0.151086139	0.361569557	0	100	0	0	3
179	148	0	2.38889414	101213.191	101213.235	101212.97	101213.431	0.155041765	0.361569557	0	100	0	0	3
180	149	0	2.40223992	101213.206	101213.239	101212.97	101213.431	0.158907144	0.361569557	0	100	0	0	3
181	150	0	2.41558569	101213.271	101213.246	101212.97	101213.431	0.166062004	0.361569557	0	100	0	0	3
182	151	0	2.42893147	101213.256	101213.252	101212.97	101213.431	0.172035451	0.361569557	0	100	0	0	3
183	151	0	2.44227725	101213.296	101213.26	101213.013	101213.431	0.180599046	0.361569557	0	100	0	0	3
184	152	0	2.45562303	101213.246	101213.266	101213.013	101213.431	0.185967582	0.361569557	0	100	0	0	3
185	153	0	2.4689688	101213.203	101213.271	101213.039	101213.431	0.190969019	0.361569557	0	100	0	0	3
186	154	0	2.48231458	101213.209	101213.275	101213.039	101213.431	0.195306458	0.361569557	0	100	0	0	3
187	155	0	2.49566036	101213.203	101213.279	101213.077	101213.431	0.198711497	0.361569557	0	100	0	0	3
188	155	0	2.50900614	101213.221	101213.283	101213.135	101213.431	0.199919817	0.361569557	0	100	0	0	3
189	156	0	2.52235191	101213.23	101213.286	101213.191	101213.431	0.19652032	0.361569557	0	100	0	0	3
190	157	0	2.53569769	101213.177	101213.285	101213.177	101213.431	0.188933814	0.361569557	0	100	0	0	3
191	158	0	2.54904347	101213.24	101213.285	101213.177	101213.431	0.181786186	0.361569557	0	100	0	0	3
192	159	0	2.56238924	101213.248	101213.284	101213.177	101213.431	0.174832624	0.361569557	0	100	0	0	3
193	160	0	2.57573502	101213.268	101213.284	101213.177	101213.431	0.168212442	0.361569557	0	100	0	0	3
194	161	0	2.5890808	101213.208	101213.283	101213.177	101213.431	0.159690916	0.361569557	0	100	0	0	3
195	162	0	2.60242658	101213.246	101213.281	101213.177	101213.431	0.152447058	0.361569557	0	100	0	0	3
196	163	0	2.61577235	101213.207	101213.28	101213.177	101213.431	0.144677498	0.361569557	0	100	0	0	3
197	163	0	2.62911813	101213.185	101213.278	101213.177	101213.431	0.139027217	0.361569557	0	100	0	0	3
198	164	0	2.64246391	101213.178	101213.275	101213.177	101213.431	0.131028209	0.361569557	0	100	0	0	3
199	165	0	2.65580969	101213.214	101213.272	101213.177	101213.431	0.122671655	0.361569557	0	100	0	0	3
200	166	0	2.66915546	101213.146	101213.266	101213.146	101213.431	0.115093657	0.361569557	0	100	0	0	3
201	167	0	2.68250124	101213.126	101213.26	101213.126	101213.431	0.106558223	0.361569557	0	100	0	0	3
202	168	0	2.69584702	101213.17	101213.253	101213.126	101213.407	0.100695491	0.361569557	0	100	0	0	3
203	169	0	2.70919279	101213.144	101213.247	101213.126	101213.407	0.094796773	0.361569557	0	100	0	0	3
204	170	0	2.72253857	101213.19	101213.241	101213.126	101213.407	0.0919376705	0.361569557	0	100	0	0	3
205	171	0	2.73588435	101213.213	101213.237	101213.126	101213.407	0.087690683	0.361569557	0	100	0	0	3
206	172	0	2.74923013	101213.254	101213.234	101213.126	101213.407	0.0851930788	0.361569557	0	100	0	0	3
207	173	0	2.7625759	101213.222	101213.231	101213.126	101213.407	0.0825958336	0.361569557	0	100	0	0	3
208	173	0	2.77592168	101213.199	101213.226	101213.126	101213.358	0.0794319364	0.361569557	0	100	0	0	3
209	174	0	2.78926746	101213.177	101213.221	101213.126	101213.358	0.0755606818	0.361569557	0	100	0	0	3
210	175	0	2.80261324	101213.204	101213.217	101213.126	101213.304	0.0725163982	0.361569557	0	100	0	0	3
211	176	0	2.81595901	101213.242	101213.216	101213.126	101213.304	0.0696746022	0.361569557	0	100	0	0	3
212	177	0	2.82930479	101213.343	101213.217	101213.126	101213.343	0.0696746022	0.361569557	0	100	0	0	3
213	178	0	2.84265057	101213.293	101213.218	101213.126	101213.343	0.0696746022	0.361569557	0	100	0	0	3
214	179	0	2.85599635	101213.305	101213.22	101213.126	101213.343	0.0696746022	0.361569557	0	100	0	0	3
215	180	0	2.86934212	101213.286	101213.222	101213.126	101213.343	0.0696746022	0.361569557	0	100	0	0	3
216	181	0	2.8826879	101213.329	101213.225	101213.126	101213.343	0.0696746022	0.361569557	0	100	0	0	3
217	181	0	2.89603368	101213.33	101213.229	101213.126	101213.343	0.0696746022	0.361569557	0	100	0	0	3
218	182	0	2.90937945	101213.313	101213.231	101213.126	101213.343	0.0696746022	0.361569557	0	100	0	0	3
219	183	0	2.92272523	101213.238	101213.231	101213.126	101213.343	0.0696746022	0.361569557	0	100	0	0	3
220	184	0	2.93607101	101213.328	101213.232	101213.126	101213.343	0.0696746022	0.361569557	0	100	0	0	3
221	185	0	2.94941679	101213.234	101213.231	101213.126	101213.343	0.0696746022	0.361569557	0	100	0	0	3
222	186	0	2.96276256	101213.234	101213.23	101213.126	101213.343	0.0696746022	0.361569557	0	100	0	0	3
223	187	0	2.97610834	101213.198	101213.23	101213.126	101213.343	0.0696746022	0.361569557	0	100	0	0	3
224	188	0	2.98945412	101213.223	101213.231	101213.126	101213.343	0.0696746022	0.361569557	0	100	0	0	3
225	189	0	3.0027999	101213.215	101213.231	101213.126	101213.343	0.0696746022	0.361569557	0	100	0	0	3
226	190	0	3.01614567	101213.268	101213.232	101213.126	101213.343	0.0696746022	0.361569557	0	100	0	0	3
227	190	0	3.02949145	101213.243	101213.233	101213.126	101213.343	0.0686403415	0.361569557	0	100	0	0	3
228	191	0	3.04283723	101213.259	101213.235	101213.126	101213.343	0.0686257799	0.361569557	0	100	0	0	3
229	192	0	3.056183	101213.194	101213.234	101213.126	101213.343	0.0679410052	0.361569557	0	100	0	0	3
230	193	0	3.06952878	101213.187	101213.232	101213.126	101213.343	0.0679410052	0.361569557	0	100	0	0	3
231	194	0	3.08287456	101213.134	101213.228	101213.126	101213.343	0.0668408342	0.361569557	0	100	0	0	3
232	195	0	3.09622034	101213.151	101213.227	101213.126	101213.343	0.0653461879	0.361569557	0	100	0	0	3
233	196	0	3.10956611	101213.115	101213.224	101213.115	101213.343	0.0639308588	0.361569557	0	100	0	0	3
234	197	0	3.12291189	101213.108	101213.221	101213.108	101213.343	0.061538809	0.361569557	0	100	0	0	3
235	198	0	3.13625767	101213.093	101213.218	101213.093	101213.343	0.0591667806	0.361569557	0	100	0	0	3
236	198	0	3.14960345	101213.152	101213.218	101213.093	101213.343	0.0558484217	0.361569557	0	100	0	0	3
237	199	0	3.16294922	101213.127	101213.215	101213.093	101213.343	0.0506084768	0.361569557	0	100	0	0	3
238	200	0	3.176295	101213.137	101213.215	101213.093	101213.343	0.044541612	0.361569557	0	100	0	0	3
239	201	0	3.18964078	101213.119	101213.215	101213.093	101213.343	0.0378466765	0.361569557	0	100	0	0	3
240	202	0	3.20298656	101213.154	101213.215	101213.093	101213.343	0.0320912971	0.361569557	0	100	0	0	3
241	203	0	3.21633233	101213.134	101213.214	101213.093	101213.343	0.0266195888	0.361569557	0	100	0	0	3
242	204	0	3.22967811	101213.114	101213.212	101213.093	101213.343	0.024674069	0.361569557	0	100	0	0	3
243	205	0	3.24302389	101213.121	101213.21	101213.093	101213.343	0.0248415856	0.361569557	0	100	0	0	3
244	206	0	3.25636966	101213.115	101213.206	101213.093	101213.343	0.0285044192	0.361569557	0	100	0	0	3
245	207	0	3.26971544	101213.133	101213.204	101213.093	101213.343	0.0308354996	0.361569557	0	100	0	0	3
246	208	0	3.28306122	101213.137	101213.202	101213.093	101213.343	0.0324448262	0.361569557	0	100	0	0	3
247	209	0	3.296407	101213.174	101213.202	101213.093	101213.343	0.0325213672	0.361569557	0	100	0	0	3
248	209	0	3.30975277	101213.118	101213.2	101213.093	101213.343	0.034788126	0.361569557	0	100	0	0	3
249	210	0	3.32309855	101213.13	101213.197	101213.093	101213.343	0.0377473264	0.361569557	0	100	0	0	3
250	211	0	3.33644433	101213.125	101213.191	101213.093	101213.33	0.0434807924	0.361569557	0	100	0	0	3
251	212	0	3.34979011	101213.139	101213.187	101213.093	101213.33	0.0475322447	0.361569557	0	100	0	0	3
252	213	0	3.36313588	101213.179	101213.184	101213.093	101213.33	0.0508527884	0.361569557	0	100	0	0	3
253	214	0	3.37648166	101213.208	101213.182	101213.093	101213.33	0.0529171872	0.361569557	0	100	0	0	3
254	215	0	3.38982744	101213.159	101213.177	101213.093	101213.33	0.0573748751	0.361569557	0	100	0	0	3
255	216	0	3.40317322	101213.217	101213.174	101213.093	101213.328	0.0603243796	0.361569557	0	100	0	0	3
256	217	0	3.41651899	101213.222	101213.172	101213.093	101213.328	0.062724005	0.361569557	0	100	0	0	3
257	218	0	3.42986477	101213.264	101213.173	101213.093	101213.328	0.062724005	0.361569557	0	100	0	0	3
258	219	0	3.44321055	101213.263	101213.171	101213.093	101213.268	0.0637800824	0.361569557	0	100	0	0	3
259	219	0	3.45655632	101213.221	101213.171	101213.093	101213.268	0.0641189437	0.361569557	0	100	0	0	3
260	220	0	3.4699021	101213.226	101213.17	101213.093	101213.268	0.0643140855	0.361569557	0	100	0	0	3
261	221	0	3.48324788	101213.171	101213.17	101213.093	101213.268	0.0650350077	0.361569557	0	100	0	0	3
262	222	0	3.49659366	101213.13	101213.167	101213.093	101213.268	0.0674954343	0.361569557	0	100	0	0	3
263	223	0	3.50993943	101213.129	101213.165	101213.093	101213.268	0.0697603857	0.361569557	0	100	0	0	3
264	224	0	3.52328521	101213.12	101213.161	101213.093	101213.264	0.0736687986	0.361569557	0	100	0	0	3
265	225	0	3.53663099	101213.163	101213.159	101213.093	101213.264	0.0757540715	0.361569557	0	100	0	0	3
266	226	0	3.54997677	101213.213	101213.158	101213.093	101213.264	0.0757570272	0.361569557	0	100	0	0	3
267	227	0	3.56332254	101213.256	101213.159	101213.093	101213.264	0.0741531065	0.361569557	0	100	0	0	3
268	228	0	3.57666832	101213.287	101213.162	101213.093	101213.287	0.0706378333	0.361569557	0	100	0	0	3
269	229	0	3.5900141	101213.267	101213.166	101213.093	101213.287	0.0691438718	0.361569557	0	100	0	0	3
270	230	0	3.60335987	101213.259	101213.168	101213.093	101213.287	0.065698699	0.361569557	0	100	0	0	3
271	231	0	3.61670565	101213.226	101213.171	101213.093	101213.287	0.0630856923	0.361569557	0	100	0	0	3
272	232	0	3.63005143	101213.281	101213.176	101213.093	101213.287	0.0606667174	0.361569557	0	100	0	0	3
273	233	0	3.64339721	101213.268	101213.18	101213.114	101213.287	0.0599632513	0.361569557	0	100	0	0	3
274	233	0	3.65674298	101213.245	101213.183	101213.114	101213.287	0.057665553	0.361569557	0	100	0	0	3
275	234	0	3.67008876	101213.246	101213.186	101213.114	101213.287	0.0574153702	0.361569557	0	100	0	0	3
276	235	0	3.68343454	101213.314	101213.191	101213.114	101213.314	0.0572283958	0.361569557	0	100	0	0	3
277	236	0	3.69678032	101213.274	101213.195	101213.114	101213.314	0.0568172347	0.361569557	0	100	0	0	3
278	237	0	3.71012609	101213.271	101213.198	101213.114	101213.314	0.0565708101	0.361569557	0	100	0	0	3
279	238	0	3.72347187	101213.294	101213.202	101213.114	101213.314	0.0545807191	0.361569557	0	100	0	0	3
280	239	0	3.73681765	101213.337	101213.208	101213.115	101213.337	0.0521429749	0.361569557	0	100	0	0	3
281	240	0	3.75016343	101213.282	101213.212	101213.115	101213.337	0.054294115	0.361569557	0	100	0	0	3
282	241	0	3.7635092	101213.272	101213.216	101213.118	101213.337	0.0584110585	0.361569557	0	100	0	0	3
283	242	0	3.77685498	101213.261	101213.22	101213.118	101213.337	0.0617751637	0.361569557	0	100	0	0	3
284	243	0	3.79020076	101213.244	101213.222	101213.118	101213.337	0.0645722622	0.361569557	0	100	0	0	3
285	243	0	3.80354653	101213.299	101213.226	101213.118	101213.337	0.0678600552	0.361569557	0	100	0	0	3
286	244	0	3.81689231	101213.279	101213.23	101213.12	101213.337	0.0721092691	0.361569557	0	100	0	0	3
287	245	0	3.83023809	101213.304	101213.235	101213.12	101213.337	0.0767086555	0.361569557	0	100	0	0	3
288	246	0	3.84358387	101213.25	101213.238	101213.12	101213.337	0.0799903988	0.361569557	0	100	0	0	3
289	247	0	3.85692964	101213.243	101213.241	101213.12	101213.337	0.0827050753	0.361569557	0	100	0	0	3
290	248	0	3.87027542	101213.289	101213.243	101213.12	101213.337	0.0856080552	0.361569557	0	100	0	0	3
291	249	0	3.8836212	101213.291	101213.246	101213.12	101213.337	0.0877959999	0.361569557	0	100	0	0	3
292	250	0	3.89696698	101213.399	101213.252	101213.12	101213.399	0.0940903819	0.361569557	0	100	0	0	3
293	251	0	3.91031275	101213.378	101213.256	101213.12	101213.399	0.0983201382	0.361569557	0	100	0	0	3
294	252	0	3.92365853	101213.375	101213.26	101213.12	101213.399	0.102348507	0.361569557	0	100	0	0	3
295	253	0	3.93700431	101213.413	101213.264	101213.12	101213.413	0.106285398	0.361569557	0	100	0	0	3
296	253	0	3.95035008	101213.34	101213.266	101213.12	101213.413	0.108318526	0.361569557	0	100	0	0	3
297	254	0	3.96369586	101213.32	101213.269	101213.12	101213.413	0.110909829	0.361569557	0	100	0	0	3
298	255	0	3.97704164	101213.366	101213.272	101213.12	101213.413	0.114593425	0.361569557	0	100	0	0	3
299	256	0	3.99038742	101213.346	101213.277	101213.12	101213.413	0.119208323	0.361569557	0	100	0	0	3
300	257	0	4.00373319	101213.368	101213.283	101213.12	101213.413	0.125491126	0.361569557	0	100	0	0	3
