Iteration	CPUTime	PhysTime	Travels	Value	AvValue	MinValue	MaxValue	Delta	Criteria	PrevAvRefValue	Progress	CriteriaType	CriteriaVarType	CriteriaPercentage
1	4	0	0.0133457773	997.561638	997.561638	997.561638	997.561638	0	0	0	0	0	0	3
2	5	0	0.0266915546	997.561499	997.561569	997.561499	997.561638	6.94502189e-05	0	0	0	0	0	3
3	5	0	0.0400373319	997.561334	997.56149	997.561334	997.561638	0.00014766153	0	0	0	0	0	3
4	6	0	0.0533831093	997.561146	997.561404	997.561146	997.561638	0.000233675166	0	0	0	0	0	3
5	7	0	0.0667288866	997.560934	997.56131	997.560934	997.561638	0.000327761203	0	0	0	0	0	3
6	7	0	0.0800746639	997.560553	997.561184	997.560553	997.561638	0.000453968025	0	0	0	0	0	3
7	8	0	0.0934204412	997.560091	997.561028	997.560091	997.561638	0.000610167893	0	0	0	0	0	3
8	9	0	0.106766219	997.559596	997.560849	997.559596	997.561638	0.000789097506	0	0	0	0	0	3
9	10	0	0.120111996	997.559105	997.560655	997.559105	997.561638	0.000982907303	0	0	0	0	0	3
10	11	0	0.133457773	997.558615	997.560451	997.558615	997.561638	0.00118689104	0	0	0	0	0	3
11	11	0	0.14680355	997.557898	997.560219	997.557898	997.561638	0.00141898657	0	0	0	0	0	3
12	12	0	0.160149328	997.557195	997.559967	997.557195	997.561638	0.00167099677	0	0	0	0	0	3
13	13	0	0.173495105	997.556516	997.559702	997.556516	997.561638	0.00193642852	0	0	0	0	0	3
14	14	0	0.186840882	997.555851	997.559427	997.555851	997.561638	0.00221150391	0	0	0	0	0	3
15	15	0	0.20018666	997.555205	997.559145	997.555205	997.561638	0.00249293161	0	0	0	0	0	3
16	15	0	0.213532437	997.554284	997.558841	997.554284	997.561638	0.00279674777	0	0	0	0	0	3
17	16	0	0.226878214	997.553385	997.55852	997.553385	997.561638	0.00311769583	0	0	0	0	0	3
18	17	0	0.240223992	997.552512	997.558187	997.552512	997.561638	0.00345151192	0	0	0	0	0	3
19	18	0	0.253569769	997.551661	997.557843	997.551661	997.561638	0.00379497012	0	0	0	0	0	3
20	18	0	0.266915546	997.550825	997.557492	997.550825	997.561638	0.00414587851	0	0	0	0	0	3
21	19	0	0.280261324	997.54961	997.557117	997.54961	997.561638	0.00452123833	0	0	0	0	0	3
22	20	0	0.293607101	997.548416	997.556721	997.548416	997.561638	0.00491671994	0	0	0	0	0	3
23	21	0	0.306952878	997.547273	997.556311	997.547273	997.561638	0.00532753681	0	0	0	0	0	3
24	22	0	0.320298656	997.546138	997.555887	997.546138	997.561638	0.00575139881	0	0	0	0	0	3
25	22	0	0.333644433	997.545025	997.555452	997.545025	997.561638	0.00618588085	0	0	0	0	0	3
26	23	0	0.34699021	997.543424	997.55499	997.543424	997.561638	0.00664848691	0	0	0	0	0	3
27	24	0	0.360335987	997.541884	997.554504	997.541884	997.561638	0.00713386665	0	0	0	0	0	3
28	25	0	0.373681765	997.540393	997.554	997.540393	997.561638	0.0076378542	0	0	0	0	0	3
29	25	0	0.387027542	997.538941	997.553481	997.538941	997.561638	0.00815712825	0	0	0	0	0	3
30	26	0	0.400373319	997.537537	997.552949	997.537537	997.561638	0.00868859796	0	0	0	0	0	3
31	27	0	0.413719097	997.535555	997.552388	997.535555	997.561638	0.00924971987	0	0	0	0	0	3
32	28	0	0.427064874	997.533694	997.551804	997.533694	997.561638	0.00983390972	0	0	0	0	0	3
33	29	0	0.440410651	997.531901	997.551201	997.531901	997.561638	0.0104370324	0	0	0	0	0	3
34	29	0	0.453756429	997.53016	997.550582	997.53016	997.561638	0.0110558982	0	0	0	0	0	3
35	30	0	0.467102206	997.528448	997.54995	997.528448	997.561638	0.0116883165	0	0	0	0	0	3
36	31	0	0.480447983	997.525918	997.549282	997.525918	997.561638	0.0123558724	0	0	0	0	0	3
37	32	0	0.493793761	997.523419	997.548583	997.523419	997.561638	0.0130548715	0	0	0	0	0	3
38	33	0	0.507139538	997.521027	997.547858	997.521027	997.561638	0.013780038	0	0	0	0	0	3
39	34	0	0.520485315	997.518617	997.546726	997.518617	997.561499	0.01484272	0	0	0	0	0	3
40	35	0	0.533831093	997.516199	997.545534	997.516199	997.561334	0.015956623	0	0	0	0	0	3
41	35	0	0.54717687	997.512689	997.544254	997.512689	997.561146	0.0171507435	0	0	0	0	0	3
42	36	0	0.560522647	997.509144	997.542885	997.509144	997.560934	0.0184251313	0	0	0	0	0	3
43	37	0	0.573868425	997.505611	997.541429	997.505611	997.560553	0.0197547904	0	0	0	0	0	3
44	38	0	0.587214202	997.502054	997.53989	997.502054	997.560091	0.0211380358	0	0	0	0	0	3
45	39	0	0.600559979	997.498488	997.538269	997.498488	997.559596	0.0225802357	0	0	0	0	0	3
46	40	0	0.613905756	997.49489	997.536566	997.49489	997.559105	0.0240892338	0	0	0	0	0	3
47	40	0	0.627251534	997.491297	997.534782	997.491297	997.558615	0.0256696638	0	0	0	0	0	3
48	41	0	0.640597311	997.487665	997.532914	997.487665	997.557898	0.0273046805	0	0	0	0	0	3
49	42	0	0.653943088	997.484045	997.530971	997.484045	997.557195	0.0289961635	0	0	0	0	0	3
50	43	0	0.667288866	997.480506	997.528953	997.480506	997.556516	0.0307488685	0	0	0	0	0	3
51	43	0	0.680634643	997.47697	997.526859	997.47697	997.555851	0.032567117	0	0	0	0	0	3
52	44	0	0.69398042	997.4733	997.524687	997.4733	997.555205	0.0344580812	0	0	0	0	0	3
53	45	0	0.707326198	997.469623	997.522435	997.469623	997.554284	0.0364064182	0	0	0	0	0	3
54	46	0	0.720671975	997.465824	997.520107	997.465824	997.553385	0.0384133552	0	0	0	0	0	3
55	47	0	0.734017752	997.461995	997.517702	997.461995	997.552512	0.0404845477	0	0	0	0	0	3
56	47	0	0.74736353	997.458153	997.515219	997.458153	997.551661	0.0426242208	0	0	0	0	0	3
57	48	0	0.760709307	997.454234	997.512655	997.454234	997.550825	0.0448371711	0	0	0	0	0	3
58	49	0	0.774055084	997.450296	997.51001	997.450296	997.54961	0.0471072961	0	0	0	0	0	3
59	50	0	0.787400862	997.446285	997.50729	997.446285	997.548416	0.0494308708	0	0	0	0	0	3
60	51	0	0.800746639	997.442272	997.504497	997.442272	997.547273	0.0518133219	0	0	0	0	0	3
61	51	0	0.814092416	997.438185	997.501626	997.438185	997.546138	0.0542601753	0	0	0	0	0	3
62	52	0	0.827438193	997.434099	997.498678	997.434099	997.545025	0.0567740815	0	0	0	0	0	3
63	53	0	0.840783971	997.429944	997.49565	997.429944	997.543424	0.0593398997	0	0	0	0	0	3
64	54	0	0.854129748	997.425789	997.492554	997.425789	997.541884	0.0619501792	0	0	0	0	0	3
65	55	0	0.867475525	997.421554	997.489387	997.421554	997.540393	0.0646127736	0	0	0	0	0	3
66	55	0	0.880821303	997.417441	997.486152	997.417441	997.538941	0.0673290623	0	0	0	0	0	3
67	56	0	0.89416708	997.413309	997.482846	997.413309	997.537537	0.0701037138	0	0	0	0	0	3
68	57	0	0.907512857	997.40924	997.47947	997.40924	997.535555	0.0729188247	0	0	0	0	0	3
69	58	0	0.920858635	997.405079	997.476036	997.405079	997.533694	0.0757681994	0	0	0	0	0	3
70	59	0	0.934204412	997.400814	997.472539	997.400814	997.531901	0.0786619231	0	0	0	0	0	3
71	59	0	0.947550189	997.396506	997.468976	997.396506	997.53016	0.0816060947	0	0	0	0	0	3
72	60	0	0.960895967	997.392257	997.465347	997.392257	997.528448	0.0846026827	0	0	0	0	0	3
73	61	0	0.974241744	997.387928	997.461649	997.387928	997.525918	0.0876329997	0	0	0	0	0	3
74	62	0	0.987587521	997.383565	997.457903	997.383565	997.523419	0.0906801298	0	0	0	0	0	3
75	63	0	1.0009333	997.379142	997.454106	997.379142	997.521027	0.0937517339	0.00546576118	0	5.8	0	0	3
76	63	0	1.01427908	997.374673	997.450255	997.374673	997.518617	0.0964710202	0.00559983051	0	5.8	0	0	3
77	64	0	1.02762485	997.370165	997.446348	997.370165	997.516199	0.0991855255	0.00566744255	0	5.7	0	0	3
78	65	0	1.04097063	997.365637	997.442386	997.365637	997.512689	0.101867535	0.00573338486	0	5.6	0	0	3
79	66	0	1.05431641	997.361148	997.438398	997.361148	997.509144	0.104486979	0.00579843334	0	5.5	0	0	3
80	67	0	1.06766219	997.356713	997.434387	997.356713	997.505611	0.107042475	0.00586178942	0	5.4	0	0	3
81	67	0	1.08100796	997.352224	997.43035	997.352224	997.502054	0.10953954	0.0059241598	0	5.4	0	0	3
82	68	0	1.09435374	997.347779	997.42629	997.347779	997.498488	0.111978281	0.00598563998	0	5.3	0	0	3
83	69	0	1.10769952	997.34335	997.422208	997.34335	997.49489	0.114358045	0.00604651497	0	5.2	0	0	3
84	70	0	1.12104529	997.338945	997.418104	997.338945	997.491297	0.116677437	0.00610691381	0	5.2	0	0	3
85	71	0	1.13439107	997.334582	997.41398	997.334582	997.487665	0.118934399	0.00616617039	0	5.1	0	0	3
86	71	0	1.14773685	997.330281	997.409838	997.330281	997.484045	0.121132601	0.00622446676	0	5.1	0	0	3
87	72	0	1.16108263	997.325973	997.405678	997.325973	997.480506	0.123274267	0.00628212014	0	5	0	0	3
88	73	0	1.1744284	997.321803	997.401502	997.321803	997.47697	0.125357324	0.00633898924	0	5	0	0	3
89	74	0	1.18777418	997.317685	997.39731	997.317685	997.4733	0.127376636	0.00639517516	0	5	0	0	3
90	75	0	1.20111996	997.313696	997.39311	997.313696	997.469623	0.129324569	0.00645000546	0	4.9	0	0	3
91	76	0	1.21446574	997.309744	997.388903	997.309744	997.465824	0.131204035	0.0065037074	0	4.9	0	0	3
92	76	0	1.22781151	997.305869	997.384694	997.305869	997.461995	0.133008375	0.00655638783	0	4.9	0	0	3
93	77	0	1.24115729	997.301944	997.380482	997.301944	997.458153	0.134737109	0.00660833885	0	4.9	0	0	3
94	78	0	1.25450307	997.298104	997.37627	997.298104	997.454234	0.136385055	0.00665956438	0	4.8	0	0	3
95	79	0	1.26784884	997.294253	997.37206	997.294253	997.450296	0.137949592	0.00670962054	0	4.8	0	0	3
96	80	0	1.28119462	997.290471	997.367854	997.290471	997.446285	0.139436474	0.00675860821	0	4.8	0	0	3
97	80	0	1.2945404	997.286809	997.363657	997.286809	997.442272	0.140839947	0.00680657585	0	4.8	0	0	3
98	81	0	1.30788618	997.283128	997.359469	997.283128	997.438185	0.142157222	0.00685369355	0	4.8	0	0	3
99	82	0	1.32123195	997.279406	997.355291	997.279406	997.434099	0.143387225	0.00690014562	0	4.8	0	0	3
100	83	0	1.33457773	997.275727	997.351123	997.275727	997.429944	0.144526481	0.00694537644	0	4.8	0	0	3
101	84	0	1.34792351	997.271979	997.346966	997.271979	997.425789	0.145587811	0.00698967592	0	4.8	0	0	3
102	85	0	1.36126929	997.268281	997.342821	997.268281	997.421554	0.146566198	0.00703314567	0	4.7	0	0	3
103	86	0	1.37461506	997.26463	997.338692	997.26463	997.417441	0.147460221	0.00707586687	0	4.7	0	0	3
104	87	0	1.38796084	997.261021	997.334575	997.261021	997.413309	0.14827043	0.00711792272	0	4.8	0	0	3
105	88	0	1.40130662	997.257394	997.330472	997.257394	997.40924	0.148997218	0.00715881946	0	4.8	0	0	3
106	88	0	1.4146524	997.253779	997.326381	997.253779	997.405079	0.149654729	0.00719877543	0	4.8	0	0	3
107	89	0	1.42799817	997.250125	997.322303	997.250125	997.400814	0.150235637	0.00723797921	0	4.8	0	0	3
108	90	0	1.44134395	997.246436	997.318241	997.246436	997.396506	0.150069838	0.00727657718	0	4.8	0	0	3
109	91	0	1.45468973	997.242837	997.314197	997.242837	997.392257	0.149420233	0.00731456939	0	4.8	0	0	3
110	91	0	1.4680355	997.239246	997.31017	997.239246	997.387928	0.14868219	0.00735130018	0	4.9	0	0	3
111	92	0	1.48138128	997.235748	997.306166	997.235748	997.383565	0.147816934	0.00738682351	0	4.9	0	0	3
112	93	0	1.49472706	997.232288	997.302185	997.232288	997.379142	0.14685423	0.00742129246	0	5	0	0	3
113	94	0	1.50807284	997.228749	997.298227	997.228749	997.374673	0.145924166	0.00745483864	0	5.1	0	0	3
114	95	0	1.52141861	997.225196	997.294293	997.225196	997.370165	0.144969152	0.00748753699	0	5.1	0	0	3
115	96	0	1.53476439	997.221624	997.290384	997.221624	997.365637	0.144013476	0.00751864731	0	5.2	0	0	3
116	97	0	1.54811017	997.218034	997.2865	997.218034	997.361148	0.143113694	0.00754827301	0	5.2	0	0	3
117	97	0	1.56145595	997.214411	997.282639	997.214411	997.356713	0.142301908	0.00757655248	0	5.3	0	0	3
118	98	0	1.57480172	997.210813	997.278799	997.210813	997.352224	0.141410681	0.00760354511	0	5.3	0	0	3
119	99	0	1.5881475	997.207267	997.274984	997.207267	997.347779	0.140511677	0.0076292966	0	5.4	0	0	3
120	100	0	1.60149328	997.203765	997.271195	997.203765	997.34335	0.139585418	0.00765384012	0	5.4	0	0	3
121	101	0	1.61483906	997.200191	997.267427	997.200191	997.338945	0.138754555	0.00767730425	0	5.5	0	0	3
122	102	0	1.62818483	997.196617	997.263682	997.196617	997.334582	0.137965514	0.00769973295	0	5.5	0	0	3
123	102	0	1.64153061	997.193	997.259956	997.193	997.330281	0.137280696	0.00772122527	0	5.6	0	0	3
124	103	0	1.65487639	997.189339	997.256247	997.189339	997.325973	0.136633669	0.00774191447	0	5.6	0	0	3
125	104	0	1.66822216	997.185623	997.252554	997.185623	997.321803	0.13617983	0.00776188419	0	5.6	0	0	3
126	105	0	1.68156794	997.181991	997.248874	997.181991	997.317685	0.135694279	0.00778104836	0	5.7	0	0	3
127	106	0	1.69491372	997.178277	997.245206	997.178277	997.313696	0.135419724	0.00779949741	0	5.7	0	0	3
128	107	0	1.7082595	997.174578	997.241545	997.174578	997.309744	0.135166122	0.00781719364	0	5.7	0	0	3
129	107	0	1.72160527	997.170943	997.237892	997.170943	997.305869	0.134925854	0.00783412609	0	5.8	0	0	3
130	108	0	1.73495105	997.167346	997.234247	997.167346	997.301944	0.134597946	0.00785030925	0	5.8	0	0	3
131	109	0	1.74829683	997.163673	997.230608	997.163673	997.298104	0.134431246	0.00786578301	0	5.8	0	0	3
132	110	0	1.76164261	997.160021	997.226974	997.160021	997.294253	0.134232029	0.00788056322	0	5.8	0	0	3
133	111	0	1.77498838	997.156329	997.223345	997.156329	997.290471	0.134141913	0.00789466897	0	5.8	0	0	3
134	111	0	1.78833416	997.15268	997.219718	997.15268	997.286809	0.13412909	0.00790811108	0	5.8	0	0	3
135	112	0	1.80167994	997.149024	997.216093	997.149024	997.283128	0.134103998	0.00792088971	0	5.9	0	0	3
136	113	0	1.81502571	997.145347	997.212467	997.145347	997.279406	0.134059721	0.00793304839	0	5.9	0	0	3
137	114	0	1.82837149	997.141704	997.208843	997.141704	997.275727	0.1340235	0.00794456734	0	5.9	0	0	3
138	115	0	1.84171727	997.13817	997.205223	997.13817	997.271979	0.133808613	0.00795542457	0	5.9	0	0	3
139	115	0	1.85506305	997.13468	997.20161	997.13468	997.268281	0.13360008	0.00796559311	0	5.9	0	0	3
140	116	0	1.86840882	997.131255	997.198004	997.131255	997.26463	0.133375392	0.00797513165	0	5.9	0	0	3
141	117	0	1.8817546	997.127854	997.194405	997.127854	997.261021	0.133166131	0.00798404821	0	5.9	0	0	3
142	118	0	1.89510038	997.124465	997.190811	997.124465	997.257394	0.132928863	0.00799239451	0	6	0	0	3
143	119	0	1.90844616	997.121045	997.187223	997.121045	997.253779	0.132734608	0.00800016873	0	6	0	0	3
144	119	0	1.92179193	997.117661	997.183641	997.117661	997.250125	0.132463962	0.00800733448	0	6	0	0	3
145	120	0	1.93513771	997.11435	997.180068	997.11435	997.246436	0.132085825	0.00801386784	0	6	0	0	3
146	121	0	1.94848349	997.111058	997.176505	997.111058	997.242837	0.131779554	0.00801981328	0	6	0	0	3
147	122	0	1.96182927	997.107825	997.172952	997.107825	997.239246	0.131420992	0.00802513664	0	6.1	0	0	3
148	123	0	1.97517504	997.104579	997.169408	997.104579	997.235748	0.131168795	0.00802985493	0	6.1	0	0	3
149	123	0	1.98852082	997.10136	997.165872	997.10136	997.232288	0.130927944	0.00803395777	0	6.1	0	0	3
150	124	0	2.0018666	997.098159	997.162342	997.098159	997.228749	0.130589885	0.00803744395	0	6.1	0	0	3
151	125	0	2.01521237	997.094979	997.158822	997.094979	997.225196	0.130217331	0.00804031436	0	6.1	0	0	3
152	126	0	2.02855815	997.091853	997.155313	997.091853	997.221624	0.129770984	0.00804256396	0	6.1	0	0	3
153	127	0	2.04190393	997.088758	997.151816	997.088758	997.218034	0.129276363	0.00804421957	0	6.2	0	0	3
154	128	0	2.05524971	997.08569	997.148334	997.08569	997.214411	0.128721165	0.00804531416	0	6.2	0	0	3
155	128	0	2.06859548	997.082579	997.144864	997.082579	997.210813	0.128234367	0.00804586463	0	6.2	0	0	3
156	129	0	2.08194126	997.079525	997.141409	997.079525	997.207267	0.127742295	0.00804588629	0	6.2	0	0	3
157	130	0	2.09528704	997.076479	997.137968	997.076479	997.203765	0.127285498	0.00804540143	0	6.3	0	0	3
158	131	0	2.10863282	997.073463	997.134539	997.073463	997.200191	0.12672714	0.00804442612	0	6.3	0	0	3
159	132	0	2.12197859	997.070418	997.131124	997.070418	997.196617	0.126198383	0.00804300339	0	6.3	0	0	3
160	133	0	2.13532437	997.067369	997.127722	997.067369	997.193	0.125630783	0.00804117211	0	6.4	0	0	3
161	133	0	2.14867015	997.064306	997.124336	997.064306	997.189339	0.12503329	0.00803894928	0	6.4	0	0	3
162	134	0	2.16201592	997.061259	997.120965	997.061259	997.185623	0.124363996	0.00803639026	0	6.4	0	0	3
163	135	0	2.1753617	997.05828	997.117614	997.05828	997.181991	0.12371142	0.0080335014	0	6.4	0	0	3
164	136	0	2.18870748	997.055302	997.11428	997.055302	997.178277	0.122975055	0.00803033671	0	6.5	0	0	3
165	137	0	2.20205326	997.052412	997.110968	997.052412	997.174578	0.122165841	0.00802688807	0	6.5	0	0	3
166	137	0	2.21539903	997.049496	997.107676	997.049496	997.170943	0.121447174	0.00802319908	0	6.6	0	0	3
167	138	0	2.22874481	997.0466	997.104404	997.0466	997.167346	0.120745928	0.00801925471	0	6.6	0	0	3
168	139	0	2.24209059	997.043712	997.10115	997.043712	997.163673	0.119961049	0.00801508819	0	6.6	0	0	3
169	140	0	2.25543637	997.040849	997.097918	997.040849	997.160021	0.119172425	0.00801069506	0	6.7	0	0	3
170	141	0	2.26878214	997.037912	997.094705	997.037912	997.156329	0.118416488	0.00800612724	0	6.7	0	0	3
171	142	0	2.28212792	997.034989	997.091512	997.034989	997.15268	0.117691204	0.00800142392	0	6.7	0	0	3
172	143	0	2.2954737	997.032033	997.088337	997.032033	997.149024	0.116991608	0.00799659345	0	6.8	0	0	3
173	143	0	2.30881948	997.02909	997.085181	997.02909	997.145347	0.116257218	0.00799162319	0	6.8	0	0	3
174	144	0	2.32216525	997.026155	997.082044	997.026155	997.141704	0.115548418	0.00798652758	0	6.9	0	0	3
175	145	0	2.33551103	997.023252	997.078927	997.023252	997.13817	0.114918502	0.00798128043	0	6.9	0	0	3
176	146	0	2.34885681	997.020351	997.075826	997.020351	997.13468	0.114329798	0.00797590039	0	6.9	0	0	3
177	147	0	2.36220258	997.01743	997.072741	997.01743	997.131255	0.113824394	0.00797041111	0	7	0	0	3
178	147	0	2.37554836	997.014512	997.069669	997.014512	997.127854	0.113342876	0.00796482722	0	7	0	0	3
179	148	0	2.38889414	997.01153	997.066607	997.01153	997.124465	0.112934827	0.00795916456	0	7	0	0	3
180	149	0	2.40223992	997.008593	997.063558	997.008593	997.121045	0.112451934	0.00795341629	0	7	0	0	3
181	150	0	2.41558569	997.005556	997.060519	997.005556	997.117661	0.112104495	0.00794760155	0	7	0	0	3
182	151	0	2.42893147	997.002489	997.057488	997.002489	997.11435	0.111861217	0.00794172127	0	7	0	0	3
183	151	0	2.44227725	996.999468	997.054465	996.999468	997.111058	0.111589401	0.0079357893	0	7.1	0	0	3
184	152	0	2.45562303	996.996462	997.051449	996.996462	997.107825	0.111363648	0.00792980535	0	7.1	0	0	3
185	153	0	2.4689688	996.993453	997.048439	996.993453	997.104579	0.111125769	0.00792379655	0	7.1	0	0	3
186	154	0	2.48231458	996.990419	997.045435	996.990419	997.10136	0.110940882	0.00791778095	0	7.1	0	0	3
187	155	0	2.49566036	996.987422	997.042437	996.987422	997.098159	0.110736476	0.00791172746	0	7.1	0	0	3
188	155	0	2.50900614	996.984367	997.039442	996.984367	997.094979	0.1106124	0.00790564927	0	7.1	0	0	3
189	156	0	2.52235191	996.981341	997.036452	996.981341	997.091853	0.110511695	0.00789953376	0	7.1	0	0	3
190	157	0	2.53569769	996.978403	997.033466	996.978403	997.088758	0.110355079	0.00789335471	0	7.1	0	0	3
191	158	0	2.54904347	996.975471	997.030485	996.975471	997.08569	0.110218777	0.00788710336	0	7.1	0	0	3
192	159	0	2.56238924	996.97253	997.027507	996.97253	997.082579	0.110048869	0.00788079049	0	7.1	0	0	3
193	160	0	2.57573502	996.9696	997.024534	996.9696	997.079525	0.109924943	0.007874428	0	7.1	0	0	3
194	161	0	2.5890808	996.966699	997.021565	996.966699	997.076479	0.10978044	0.00786802086	0	7.1	0	0	3
195	162	0	2.60242658	996.963804	997.0186	996.963804	997.073463	0.109659862	0.00786155077	0	7.1	0	0	3
196	163	0	2.61577235	996.960882	997.015637	996.960882	997.070418	0.109536534	0.00785502595	0	7.1	0	0	3
197	163	0	2.62911813	996.957984	997.012678	996.957984	997.067369	0.109385057	0.00784843127	0	7.1	0	0	3
198	164	0	2.64246391	996.955176	997.009726	996.955176	997.064306	0.109129492	0.00784173576	0	7.1	0	0	3
199	165	0	2.65580969	996.952407	997.006781	996.952407	997.061259	0.108852365	0.00783491927	0	7.1	0	0	3
200	166	0	2.66915546	996.949667	997.003845	996.949667	997.05828	0.108612439	0.00782799764	0	7.2	0	0	3
201	167	0	2.68250124	996.946905	997.000914	996.946905	997.055302	0.10839628	0.00782095909	0	7.2	0	0	3
202	168	0	2.69584702	996.944142	996.997988	996.944142	997.052412	0.108270468	0.00781381051	0	7.2	0	0	3
203	169	0	2.70919279	996.941435	996.995068	996.941435	997.049496	0.108061605	0.00780655623	0	7.2	0	0	3
204	170	0	2.72253857	996.938717	996.992153	996.938717	997.0466	0.107883453	0.00779920991	0	7.2	0	0	3
205	171	0	2.73588435	996.935975	996.989242	996.935975	997.043712	0.107736672	0.00779176162	0	7.2	0	0	3
206	172	0	2.74923013	996.933286	996.986336	996.933286	997.040849	0.107563348	0.00778420675	0	7.2	0	0	3
207	173	0	2.7625759	996.930667	996.983436	996.930667	997.037912	0.107245797	0.00777652237	0	7.2	0	0	3
208	173	0	2.77592168	996.928052	996.980545	996.928052	997.034989	0.106937136	0.00776872032	0	7.2	0	0	3
209	174	0	2.78926746	996.925406	996.977661	996.925406	997.032033	0.106627029	0.00776080867	0	7.2	0	0	3
210	175	0	2.80261324	996.922788	996.974786	996.922788	997.02909	0.106301426	0.00775277867	0	7.2	0	0	3
211	176	0	2.81595901	996.920183	996.97192	996.920183	997.026155	0.105972172	0.00774463778	0	7.3	0	0	3
212	177	0	2.82930479	996.917531	996.969062	996.917531	997.023252	0.105720841	0.00773642277	0	7.3	0	0	3
213	178	0	2.84265057	996.914883	996.96621	996.914883	997.020351	0.105468045	0.00772814387	0	7.3	0	0	3
214	179	0	2.85599635	996.912277	996.963366	996.912277	997.01743	0.105153012	0.00771980702	0	7.3	0	0	3
215	180	0	2.86934212	996.909742	996.960532	996.909742	997.014512	0.104769847	0.00771140399	0	7.3	0	0	3
216	181	0	2.8826879	996.907183	996.957708	996.907183	997.01153	0.10434683	0.00770294332	0	7.3	0	0	3
217	181	0	2.89603368	996.904645	996.954895	996.904645	997.008593	0.103947204	0.00769441537	0	7.4	0	0	3
218	182	0	2.90937945	996.902124	996.952093	996.902124	997.005556	0.103432188	0.00768582575	0	7.4	0	0	3
219	183	0	2.92272523	996.899603	996.949305	996.899603	997.002489	0.102885334	0.00767719083	0	7.4	0	0	3
220	184	0	2.93607101	996.897056	996.94653	996.897056	996.999468	0.10241187	0.00766852081	0	7.4	0	0	3
221	185	0	2.94941679	996.894555	996.943769	996.894555	996.996462	0.101906659	0.00765981936	0	7.5	0	0	3
222	186	0	2.96276256	996.892043	996.941022	996.892043	996.993453	0.101410083	0.00765108641	0	7.5	0	0	3
223	187	0	2.97610834	996.889555	996.938287	996.889555	996.990419	0.10086403	0.00764232331	0	7.5	0	0	3
224	188	0	2.98945412	996.887043	996.935567	996.887043	996.987422	0.100379504	0.00763353912	0	7.6	0	0	3
225	189	0	3.0027999	996.884495	996.932858	996.884495	996.984367	0.099871275	0.00762474559	0	7.6	0	0	3
226	190	0	3.01614567	996.881936	996.930163	996.881936	996.981341	0.0994054741	0.00761595599	0	7.6	0	0	3
227	190	0	3.02949145	996.87937	996.927479	996.87937	996.978403	0.0990331344	0.00760717763	0	7.6	0	0	3
228	191	0	3.04283723	996.876793	996.924805	996.876793	996.975471	0.0986780351	0.00759841768	0	7.7	0	0	3
229	192	0	3.056183	996.874252	996.922142	996.874252	996.97253	0.0982774408	0.00758966035	0	7.7	0	0	3
230	193	0	3.06952878	996.871714	996.919489	996.871714	996.9696	0.0978864612	0.00758091636	0	7.7	0	0	3
231	194	0	3.08287456	996.869198	996.916847	996.869198	996.966699	0.0975004457	0.00757218245	0	7.7	0	0	3
232	195	0	3.09622034	996.86665	996.914214	996.86665	996.963804	0.0971531941	0.00756347041	0	7.7	0	0	3
233	196	0	3.10956611	996.864106	996.91159	996.864106	996.960882	0.0967761324	0.00755477363	0	7.8	0	0	3
234	197	0	3.12291189	996.861524	996.908975	996.861524	996.957984	0.0964599497	0.00754609802	0	7.8	0	0	3
235	198	0	3.13625767	996.858943	996.906369	996.858943	996.955176	0.0962331748	0.0075374404	0	7.8	0	0	3
236	198	0	3.14960345	996.856393	996.90377	996.856393	996.952407	0.0960144408	0.00752879794	0	7.8	0	0	3
237	199	0	3.16294922	996.853826	996.901175	996.853826	996.949667	0.0958410755	0.00752018564	0	7.8	0	0	3
238	200	0	3.176295	996.851298	996.898587	996.851298	996.946905	0.0956072373	0.00751159619	0	7.8	0	0	3
239	201	0	3.18964078	996.8488	996.896005	996.8488	996.944142	0.0953412357	0.00750303982	0	7.8	0	0	3
240	202	0	3.20298656	996.846317	996.893431	996.846317	996.941435	0.0951174003	0.00749450849	0	7.8	0	0	3
241	203	0	3.21633233	996.843846	996.890863	996.843846	996.938717	0.0948707434	0.00748600317	0	7.8	0	0	3
242	204	0	3.22967811	996.841353	996.8883	996.841353	996.935975	0.0946218869	0.00747752864	0	7.9	0	0	3
243	205	0	3.24302389	996.83885	996.885744	996.83885	996.933286	0.0944351688	0.00746909071	0	7.9	0	0	3
244	206	0	3.25636966	996.836392	996.883195	996.836392	996.930667	0.0942741728	0.00746066768	0	7.9	0	0	3
245	207	0	3.26971544	996.83388	996.880648	996.83388	996.928052	0.094172107	0.00745227127	0	7.9	0	0	3
246	208	0	3.28306122	996.831371	996.878103	996.831371	996.925406	0.0940345306	0.00744389452	0	7.9	0	0	3
247	209	0	3.296407	996.828898	996.875564	996.828898	996.922788	0.0938896525	0.00743553311	0	7.9	0	0	3
248	209	0	3.30975277	996.82649	996.873029	996.82649	996.920183	0.0936932565	0.00742717721	0	7.9	0	0	3
249	210	0	3.32309855	996.824079	996.8705	996.824079	996.917531	0.0934521159	0.00741883245	0	7.9	0	0	3
250	211	0	3.33644433	996.821671	996.867978	996.821671	996.914883	0.0932118787	0.00741049854	0	7.9	0	0	3
251	212	0	3.34979011	996.819271	996.865462	996.819271	996.912277	0.093005742	0.00740217049	0	7.9	0	0	3
252	213	0	3.36313588	996.816864	996.862951	996.816864	996.909742	0.0928773542	0.00739384984	0	7.9	0	0	3
253	214	0	3.37648166	996.814486	996.860444	996.814486	996.907183	0.0926969377	0.00738552099	0	7.9	0	0	3
254	215	0	3.38982744	996.812178	996.857944	996.812178	996.904645	0.0924672889	0.00737717972	0	7.9	0	0	3
255	216	0	3.40317322	996.809868	996.85545	996.809868	996.902124	0.0922557533	0.00736881005	0	7.9	0	0	3
256	217	0	3.41651899	996.807552	996.852961	996.807552	996.899603	0.0920514372	0.00736040835	0	7.9	0	0	3
257	218	0	3.42986477	996.805255	996.850478	996.805255	996.897056	0.0918008452	0.00735197963	0	8	0	0	3
258	219	0	3.44321055	996.802966	996.848002	996.802966	996.894555	0.0915891061	0.0073435255	0	8	0	0	3
259	219	0	3.45655632	996.800634	996.845531	996.800634	996.892043	0.0914088763	0.00733505291	0	8	0	0	3
260	220	0	3.4699021	996.798302	996.843064	996.798302	996.889555	0.0912527716	0.00732655805	0	8	0	0	3
261	221	0	3.48324788	996.796051	996.840603	996.796051	996.887043	0.0909918453	0.0073180343	0	8	0	0	3
262	222	0	3.49659366	996.79381	996.83815	996.79381	996.884495	0.0906852555	0.00730947099	0	8	0	0	3
263	223	0	3.50993943	996.791613	996.835705	996.791613	996.881936	0.0903224867	0.00730086656	0	8	0	0	3
264	224	0	3.52328521	996.789387	996.83327	996.789387	996.87937	0.0899826161	0.00729224014	0	8.1	0	0	3
265	225	0	3.53663099	996.787175	996.830844	996.787175	996.876793	0.0896178313	0.00728359086	0	8.1	0	0	3
266	226	0	3.54997677	996.784964	996.828427	996.784964	996.874252	0.0892880214	0.00727491742	0	8.1	0	0	3
267	227	0	3.56332254	996.782757	996.826019	996.782757	996.871714	0.0889563034	0.0072662214	0	8.1	0	0	3
268	228	0	3.57666832	996.780586	996.823621	996.780586	996.869198	0.0886126555	0.00725750209	0	8.1	0	0	3
269	229	0	3.5900141	996.778438	996.821233	996.778438	996.86665	0.0882128558	0.00724875713	0	8.2	0	0	3
270	230	0	3.60335987	996.776303	996.818855	996.776303	996.864106	0.0878026172	0.00723998075	0	8.2	0	0	3
271	231	0	3.61670565	996.774169	996.816489	996.774169	996.861524	0.0873548149	0.00723117699	0	8.2	0	0	3
272	232	0	3.63005143	996.772054	996.814134	996.772054	996.858943	0.0868889898	0.00722235713	0	8.3	0	0	3
273	233	0	3.64339721	996.769957	996.811792	996.769957	996.856393	0.0864358351	0.00721352456	0	8.3	0	0	3
274	233	0	3.65674298	996.767837	996.809462	996.767837	996.853826	0.0859892304	0.0072046873	0	8.3	0	0	3
275	234	0	3.67008876	996.765728	996.807144	996.765728	996.851298	0.0855704843	0.00719584052	0	8.4	0	0	3
276	235	0	3.68343454	996.763589	996.804835	996.763589	996.8488	0.0852114478	0.00718698848	0	8.4	0	0	3
277	236	0	3.69678032	996.761463	996.802537	996.761463	996.846317	0.0848541731	0.00717813778	0	8.4	0	0	3
278	237	0	3.71012609	996.759325	996.800248	996.759325	996.843846	0.0845204684	0.00716928851	0	8.4	0	0	3
279	238	0	3.72347187	996.757223	996.797968	996.757223	996.841353	0.0841298057	0.00716043195	0	8.5	0	0	3
280	239	0	3.73681765	996.755145	996.7957	996.755145	996.83885	0.0837054862	0.00715157238	0	8.5	0	0	3
281	240	0	3.75016343	996.753038	996.793441	996.753038	996.836392	0.083353991	0.00714272419	0	8.5	0	0	3
282	241	0	3.7635092	996.750924	996.791192	996.750924	996.83388	0.082955679	0.00713388897	0	8.5	0	0	3
283	242	0	3.77685498	996.74879	996.788953	996.74879	996.831371	0.0825808767	0.0071250648	0	8.6	0	0	3
284	243	0	3.79020076	996.746655	996.786724	996.746655	996.828898	0.08224345	0.00711625585	0	8.6	0	0	3
285	243	0	3.80354653	996.744471	996.784502	996.744471	996.82649	0.0820184642	0.00710747059	0	8.6	0	0	3
286	244	0	3.81689231	996.742298	996.782286	996.742298	996.824079	0.0817809415	0.00709870055	0	8.6	0	0	3
287	245	0	3.83023809	996.740129	996.780077	996.740129	996.821671	0.0815420382	0.00708994544	0	8.6	0	0	3
288	246	0	3.84358387	996.738027	996.777876	996.738027	996.819271	0.0812440048	0.00708120153	0	8.7	0	0	3
289	247	0	3.85692964	996.735841	996.77568	996.735841	996.816864	0.0810231329	0.00707249037	0	8.7	0	0	3
290	248	0	3.87027542	996.73367	996.773491	996.73367	996.814486	0.0808164844	0.00706380624	0	8.7	0	0	3
291	249	0	3.8836212	996.731479	996.771307	996.731479	996.812178	0.0806991073	0.00705515432	0	8.7	0	0	3
292	250	0	3.89696698	996.72931	996.769126	996.72931	996.809868	0.0805577128	0.00704653336	0	8.7	0	0	3
293	251	0	3.91031275	996.727151	996.766949	996.727151	996.807552	0.0804014316	0.00703794185	0	8.7	0	0	3
294	252	0	3.92365853	996.725058	996.764778	996.725058	996.805255	0.0801976597	0.00702936657	0	8.7	0	0	3
295	253	0	3.93700431	996.722952	996.762612	996.722952	996.802966	0.0800134723	0.00702081526	0	8.7	0	0	3
296	253	0	3.95035008	996.720886	996.760452	996.720886	996.800634	0.0797487623	0.00701228093	0	8.7	0	0	3
297	254	0	3.96369586	996.718782	996.758298	996.718782	996.798302	0.0795196002	0.00700377143	0	8.8	0	0	3
298	255	0	3.97704164	996.716726	996.756152	996.716726	996.796051	0.0793247668	0.00699527693	0	8.8	0	0	3
299	256	0	3.99038742	996.714638	996.754009	996.714638	996.79381	0.0791724541	0.00698679682	0	8.8	0	0	3
300	257	0	4.00373319	996.712612	996.751872	996.712612	996.791613	0.0790016261	0.00697832093	0	8.8	0	0	3
