Iteration	CPUTime	PhysTime	Travels	Value	AvValue	MinValue	MaxValue	Delta	Criteria	PrevAvRefValue	Progress	CriteriaType	CriteriaVarType	CriteriaPercentage
1	4	0	0.0133457773	79999.9819	79999.9819	79999.9819	79999.9819	0	0	0	0	0	0	3
2	5	0	0.0266915546	79999.9907	79999.9863	79999.9819	79999.9907	0.00436710741	0	0	0	0	0	3
3	5	0	0.0400373319	79999.9899	79999.9875	79999.9819	79999.9907	0.00557510185	0	0	0	0	0	3
4	6	0	0.0533831093	79999.9971	79999.9899	79999.9819	79999.9971	0.00796917864	0	0	0	0	0	3
5	7	0	0.0667288866	80000.0034	79999.9926	79999.9819	80000.0034	0.0106764826	0	0	0	0	0	3
6	7	0	0.0800746639	80000.0057	79999.9948	79999.9819	80000.0057	0.0128646586	0	0	0	0	0	3
7	8	0	0.0934204412	80000.0062	79999.9964	79999.9819	80000.0062	0.0144920657	0	0	0	0	0	3
8	9	0	0.106766219	80000.0064	79999.9977	79999.9819	80000.0064	0.0157328801	0	0	0	0	0	3
9	10	0	0.120111996	80000.0064	79999.9986	79999.9819	80000.0064	0.016707317	0	0	0	0	0	3
10	11	0	0.133457773	80000.0064	79999.9994	79999.9819	80000.0064	0.0174788639	0	0	0	0	0	3
11	11	0	0.14680355	80000.0063	80000	79999.9819	80000.0064	0.0181021258	0	0	0	0	0	3
12	12	0	0.160149328	80000.0059	80000.0005	79999.9819	80000.0064	0.0185911347	0	0	0	0	0	3
13	13	0	0.173495105	80000.0054	80000.0009	79999.9819	80000.0064	0.0189635057	0	0	0	0	0	3
14	14	0	0.186840882	80000.0047	80000.0012	79999.9819	80000.0064	0.0192344469	0	0	0	0	0	3
15	15	0	0.20018666	80000.0039	80000.0014	79999.9819	80000.0064	0.0194149346	0	0	0	0	0	3
16	15	0	0.213532437	80000.0033	80000.0015	79999.9819	80000.0064	0.0195349493	0	0	0	0	0	3
17	16	0	0.226878214	80000.0027	80000.0015	79999.9819	80000.0064	0.0196049699	0	0	0	0	0	3
18	17	0	0.240223992	80000.0017	80000.0016	79999.9819	80000.0064	0.0196155215	0	0	0	0	0	3
19	18	0	0.253569769	80000.0008	80000.0015	79999.9819	80000.0064	0.0196155215	0	0	0	0	0	3
20	18	0	0.266915546	79999.9999	80000.0014	79999.9819	80000.0064	0.0196155215	0	0	0	0	0	3
21	19	0	0.280261324	79999.9992	80000.0013	79999.9819	80000.0064	0.0196155215	0	0	0	0	0	3
22	20	0	0.293607101	79999.9985	80000.0012	79999.9819	80000.0064	0.0196155215	0	0	0	0	0	3
23	21	0	0.306952878	79999.9977	80000.001	79999.9819	80000.0064	0.0196155215	0	0	0	0	0	3
24	22	0	0.320298656	79999.9968	80000.0009	79999.9819	80000.0064	0.0196155215	0	0	0	0	0	3
25	22	0	0.333644433	79999.996	80000.0007	79999.9819	80000.0064	0.0196155215	0	0	0	0	0	3
26	23	0	0.34699021	79999.9953	80000.0005	79999.9819	80000.0064	0.0196155215	0	0	0	0	0	3
27	24	0	0.360335987	79999.9945	80000.0002	79999.9819	80000.0064	0.0196155215	0	0	0	0	0	3
28	25	0	0.373681765	79999.9936	80000	79999.9819	80000.0064	0.0196155215	0	0	0	0	0	3
29	25	0	0.387027542	79999.9928	79999.9998	79999.9819	80000.0064	0.0196155215	0	0	0	0	0	3
30	26	0	0.400373319	79999.9918	79999.9995	79999.9819	80000.0064	0.0196155215	0	0	0	0	0	3
31	27	0	0.413719097	79999.9911	79999.9992	79999.9819	80000.0064	0.0196155215	0	0	0	0	0	3
32	28	0	0.427064874	79999.9905	79999.999	79999.9819	80000.0064	0.0196155215	0	0	0	0	0	3
33	29	0	0.440410651	79999.9898	79999.9987	79999.9819	80000.0064	0.0196155215	0	0	0	0	0	3
34	29	0	0.453756429	79999.989	79999.9984	79999.9819	80000.0064	0.0196155215	0	0	0	0	0	3
35	30	0	0.467102206	79999.9885	79999.9981	79999.9819	80000.0064	0.0196155215	0	0	0	0	0	3
36	31	0	0.480447983	79999.9882	79999.9978	79999.9819	80000.0064	0.0196155215	0	0	0	0	0	3
37	32	0	0.493793761	79999.9879	79999.9976	79999.9819	80000.0064	0.0196155215	0	0	0	0	0	3
38	33	0	0.507139538	79999.9876	79999.9973	79999.9819	80000.0064	0.0196155215	0	0	0	0	0	3
39	34	0	0.520485315	79999.9872	79999.9974	79999.9872	80000.0064	0.0152484141	0	0	0	0	0	3
40	35	0	0.533831093	79999.987	79999.9973	79999.987	80000.0064	0.0140404197	0	0	0	0	0	3
41	35	0	0.54717687	79999.9868	79999.9973	79999.9868	80000.0064	0.0116463429	0	0	0	0	0	3
42	36	0	0.560522647	79999.9866	79999.997	79999.9866	80000.0064	0.00893903889	0	0	0	0	0	3
43	37	0	0.573868425	79999.9864	79999.9965	79999.9864	80000.0064	0.00675086294	0	0	0	0	0	3
44	38	0	0.587214202	79999.9861	79999.996	79999.9861	80000.0064	0.00553724877	0	0	0	0	0	3
45	39	0	0.600559979	79999.9859	79999.9955	79999.9859	80000.0064	0.00607146026	0	0	0	0	0	3
46	40	0	0.613905756	79999.9857	79999.9949	79999.9857	80000.0064	0.00661615116	0	0	0	0	0	3
47	40	0	0.627251534	79999.9854	79999.9944	79999.9854	80000.0064	0.00716933383	0	0	0	0	0	3
48	41	0	0.640597311	79999.9852	79999.9938	79999.9852	80000.0063	0.00772697499	0	0	0	0	0	3
49	42	0	0.653943088	79999.985	79999.9933	79999.985	80000.0059	0.00828670898	0	0	0	0	0	3
50	43	0	0.667288866	79999.9847	79999.9927	79999.9847	80000.0054	0.00884530066	0	0	0	0	0	3
51	43	0	0.680634643	79999.9844	79999.9922	79999.9844	80000.0047	0.0093975535	0	0	0	0	0	3
52	44	0	0.69398042	79999.984	79999.9916	79999.984	80000.0039	0.00994094652	0	0	0	0	0	3
53	45	0	0.707326198	79999.9838	79999.9911	79999.9838	80000.0033	0.0104705064	0	0	0	0	0	3
54	46	0	0.720671975	79999.9837	79999.9906	79999.9837	80000.0027	0.0109854637	0	0	0	0	0	3
55	47	0	0.734017752	79999.9838	79999.9901	79999.9837	80000.0017	0.0114823254	0	0	0	0	0	3
56	47	0	0.74736353	79999.9838	79999.9896	79999.9837	80000.0008	0.0119145875	0	0	0	0	0	3
57	48	0	0.760709307	79999.9839	79999.9892	79999.9837	79999.9999	0.012279114	0	0	0	0	0	3
58	49	0	0.774055084	79999.9839	79999.9887	79999.9837	79999.9992	0.0125942628	0	0	0	0	0	3
59	50	0	0.787400862	79999.9839	79999.9883	79999.9837	79999.9985	0.0128703074	0	0	0	0	0	3
60	51	0	0.800746639	79999.9838	79999.9879	79999.9837	79999.9977	0.013104359	0	0	0	0	0	3
61	51	0	0.814092416	79999.9838	79999.9876	79999.9837	79999.9968	0.0130818718	0	0	0	0	0	3
62	52	0	0.827438193	79999.9837	79999.9872	79999.9837	79999.996	0.0122844858	0	0	0	0	0	3
63	53	0	0.840783971	79999.9837	79999.9869	79999.9837	79999.9953	0.0116496052	0	0	0	0	0	3
64	54	0	0.854129748	79999.9837	79999.9866	79999.9837	79999.9945	0.0108196273	0	0	0	0	0	3
65	55	0	0.867475525	79999.9837	79999.9863	79999.9837	79999.9936	0.00995260496	0	0	0	0	0	3
66	55	0	0.880821303	79999.9836	79999.9861	79999.9836	79999.9928	0.00917536716	0	0	0	0	0	3
67	56	0	0.89416708	79999.9835	79999.9858	79999.9835	79999.9918	0.00825160206	0	0	0	0	0	3
68	57	0	0.907512857	79999.9835	79999.9856	79999.9835	79999.9911	0.0075970555	0	0	0	0	0	3
69	58	0	0.920858635	79999.9834	79999.9854	79999.9834	79999.9905	0.00709320881	0	0	0	0	0	3
70	59	0	0.934204412	79999.9833	79999.9852	79999.9833	79999.9898	0.00650666677	0	0	0	0	0	3
71	59	0	0.947550189	79999.9834	79999.985	79999.9833	79999.989	0.00567268005	0	0	0	0	0	3
72	60	0	0.960895967	79999.9834	79999.9849	79999.9833	79999.9885	0.00516662939	0	0	0	0	0	3
73	61	0	0.974241744	79999.9834	79999.9848	79999.9833	79999.9882	0.00484853127	0	0	0	0	0	3
74	62	0	0.987587521	79999.9835	79999.9846	79999.9833	79999.9879	0.00459500085	0	0	0	0	0	3
75	63	0	1.0009333	79999.9835	79999.9845	79999.9833	79999.9876	0.00429538888	0.000799999835	0	18.6	0	0	3
76	63	0	1.01427908	79999.9835	79999.9844	79999.9833	79999.9872	0.003866051	0.000799999835	0	20.6	0	0	3
77	64	0	1.02762485	79999.9834	79999.9843	79999.9833	79999.987	0.00366247416	0.000799999834	0	21.8	0	0	3
78	65	0	1.04097063	79999.9835	79999.9842	79999.9833	79999.9868	0.00345619525	0.000799999835	0	23.1	0	0	3
79	66	0	1.05431641	79999.9835	79999.9841	79999.9833	79999.9866	0.00325331105	0.000799999835	0	24.5	0	0	3
80	67	0	1.06766219	79999.9835	79999.984	79999.9833	79999.9864	0.00304556654	0.000799999835	0	26.2	0	0	3
81	67	0	1.08100796	79999.9833	79999.984	79999.9833	79999.9861	0.00286251241	0.000799999833	0	27.9	0	0	3
82	68	0	1.09435374	79999.9832	79999.9839	79999.9832	79999.9859	0.00268387806	0.000799999832	0	29.8	0	0	3
83	69	0	1.10769952	79999.9831	79999.9838	79999.9831	79999.9857	0.00256426008	0.000799999831	0	31.1	0	0	3
84	70	0	1.12104529	79999.9831	79999.9837	79999.9831	79999.9854	0.00236408712	0.000799999831	0	33.8	0	0	3
85	71	0	1.13439107	79999.983	79999.9837	79999.983	79999.9852	0.00212514254	0.00079999983	0	37.6	0	0	3
86	71	0	1.14773685	79999.9831	79999.9836	79999.983	79999.985	0.00195757416	0.000799999831	0	40.8	0	0	3
87	72	0	1.16108263	79999.9831	79999.9836	79999.983	79999.9847	0.00163646931	0.000799999831	0	48.8	0	0	3
88	73	0	1.1744284	79999.9831	79999.9835	79999.983	79999.9844	0.00133907175	0.000799999831	0	59.7	0	0	3
89	74	0	1.18777418	79999.9831	79999.9835	79999.983	79999.984	0.00100046775	0.000799999831	0	79.9	0	0	3
90	75	0	1.20111996	79999.9832	79999.9835	79999.983	79999.9839	0.000877808037	0.000799999832	0	91.1	0	0	3
91	76	0	1.21446574	79999.9832	79999.9835	79999.983	79999.9839	0.000877808037	0.000799999832	0	91.1	0	0	3
92	76	0	1.22781151	79999.9833	79999.9835	79999.983	79999.9839	0.000877808037	0.000799999833	0	91.1	0	0	3
93	77	0	1.24115729	79999.9833	79999.9834	79999.983	79999.9839	0.000877808037	0.000799999833	0	91.1	0	0	3
94	78	0	1.25450307	79999.9833	79999.9834	79999.983	79999.9839	0.000877808037	0.000799999833	0	91.1	0	0	3
95	79	0	1.26784884	79999.9833	79999.9834	79999.983	79999.9839	0.000877808037	0.000799999833	0	91.1	0	0	3
96	80	0	1.28119462	79999.9833	79999.9834	79999.983	79999.9839	0.000846229173	0.000799999833	0	94.5	0	0	3
97	80	0	1.2945404	79999.9833	79999.9834	79999.983	79999.9838	0.000782511939	0.000799999833	0	100	0	0	3
98	81	0	1.30788618	79999.9834	79999.9834	79999.983	79999.9838	0.000741494441	0.000799999834	0	100	0	0	3
99	82	0	1.32123195	79999.9834	79999.9834	79999.983	79999.9837	0.000665200612	0.000799999834	0	100	0	0	3
100	83	0	1.33457773	79999.9834	79999.9834	79999.983	79999.9837	0.000664852356	0.000799999834	0	100	0	0	3
101	84	0	1.34792351	79999.9834	79999.9833	79999.983	79999.9837	0.000664852356	0.000799999834	0	100	0	0	3
102	85	0	1.36126929	79999.9834	79999.9833	79999.983	79999.9837	0.000610224117	0.000799999834	0	100	0	0	3
103	86	0	1.37461506	79999.9837	79999.9833	79999.983	79999.9837	0.000700991935	0.000799999837	0	100	0	0	3
104	87	0	1.38796084	79999.9841	79999.9834	79999.983	79999.9841	0.00106619766	0.000799999841	0	75	0	0	3
105	88	0	1.40130662	79999.9844	79999.9834	79999.983	79999.9844	0.00135069167	0.000799999844	0	59.2	0	0	3
106	88	0	1.4146524	79999.9845	79999.9834	79999.983	79999.9845	0.00145370174	0.000799999845	0	55	0	0	3
107	89	0	1.42799817	79999.9847	79999.9834	79999.983	79999.9847	0.00169061922	0.000799999847	0	47.3	0	0	3
108	90	0	1.44134395	79999.9848	79999.9835	79999.983	79999.9848	0.00169826517	0.000799999848	0	47.1	0	0	3
109	91	0	1.45468973	79999.985	79999.9835	79999.983	79999.985	0.00155171192	0.00079999985	0	51.5	0	0	3
110	91	0	1.4680355	79999.9851	79999.9836	79999.983	79999.9851	0.00141852914	0.000799999851	0	56.3	0	0	3
111	92	0	1.48138128	79999.9852	79999.9836	79999.983	79999.9852	0.00129625427	0.000799999852	0	61.7	0	0	3
112	93	0	1.49472706	79999.9852	79999.9837	79999.983	79999.9852	0.00118053144	0.000799999852	0	67.7	0	0	3
113	94	0	1.50807284	79999.9853	79999.9837	79999.983	79999.9853	0.00107097893	0.000799999853	0	74.6	0	0	3
114	95	0	1.52141861	79999.9853	79999.9838	79999.983	79999.9853	0.000970150635	0.000799999853	0	82.4	0	0	3
115	96	0	1.53476439	79999.9853	79999.9838	79999.983	79999.9853	0.000877876024	0.000799999853	0	91.1	0	0	3
116	97	0	1.54811017	79999.9852	79999.9838	79999.983	79999.9853	0.000791619444	0.000799999852	0	100	0	0	3
117	97	0	1.56145595	79999.9851	79999.9839	79999.983	79999.9853	0.000709672313	0.000799999851	0	100	0	0	3
118	98	0	1.57480172	79999.985	79999.9839	79999.983	79999.9853	0.000628280002	0.00079999985	0	100	0	0	3
119	99	0	1.5881475	79999.9849	79999.984	79999.983	79999.9853	0.000636612618	0.000799999849	0	100	0	0	3
120	100	0	1.60149328	79999.9848	79999.984	79999.983	79999.9853	0.000677265154	0.000799999848	0	100	0	0	3
121	101	0	1.61483906	79999.9848	79999.9841	79999.983	79999.9853	0.0007220189	0.000799999848	0	100	0	0	3
122	102	0	1.62818483	79999.9847	79999.9841	79999.983	79999.9853	0.000765722871	0.000799999847	0	100	0	0	3
123	102	0	1.64153061	79999.9848	79999.9841	79999.9831	79999.9853	0.000810670594	0.000799999848	0	98.6	0	0	3
124	103	0	1.65487639	79999.9848	79999.9842	79999.9831	79999.9853	0.000855642211	0.000799999848	0	93.4	0	0	3
125	104	0	1.66822216	79999.9849	79999.9842	79999.9831	79999.9853	0.000903371983	0.000799999849	0	88.5	0	0	3
126	105	0	1.68156794	79999.9849	79999.9843	79999.9831	79999.9853	0.000951184818	0.000799999849	0	84.1	0	0	3
127	106	0	1.69491372	79999.9851	79999.9843	79999.9832	79999.9853	0.00100547161	0.000799999851	0	79.5	0	0	3
128	107	0	1.7082595	79999.9851	79999.9844	79999.9832	79999.9853	0.0010547548	0.000799999851	0	75.8	0	0	3
129	107	0	1.72160527	79999.9852	79999.9844	79999.9833	79999.9853	0.00110713583	0.000799999852	0	72.2	0	0	3
130	108	0	1.73495105	79999.9852	79999.9845	79999.9833	79999.9853	0.0011574775	0.000799999852	0	69.1	0	0	3
131	109	0	1.74829683	79999.9853	79999.9845	79999.9833	79999.9853	0.00121085241	0.000799999853	0	66	0	0	3
132	110	0	1.76164261	79999.9853	79999.9846	79999.9833	79999.9853	0.00126250942	0.000799999853	0	63.3	0	0	3
133	111	0	1.77498838	79999.9853	79999.9847	79999.9833	79999.9853	0.00131543851	0.000799999853	0	60.8	0	0	3
134	111	0	1.78833416	79999.9853	79999.9847	79999.9833	79999.9853	0.00136765346	0.000799999853	0	58.4	0	0	3
135	112	0	1.80167994	79999.9854	79999.9848	79999.9834	79999.9854	0.00142239869	0.000799999854	0	56.2	0	0	3
136	113	0	1.81502571	79999.9855	79999.9848	79999.9834	79999.9855	0.00147822706	0.000799999855	0	54.1	0	0	3
137	114	0	1.82837149	79999.9855	79999.9849	79999.9834	79999.9855	0.00153490779	0.000799999855	0	52.1	0	0	3
138	115	0	1.84171727	79999.9855	79999.9849	79999.9834	79999.9855	0.00159038622	0.000799999855	0	50.3	0	0	3
139	115	0	1.85506305	79999.9855	79999.985	79999.9834	79999.9855	0.0016467453	0.000799999855	0	48.5	0	0	3
140	116	0	1.86840882	79999.9855	79999.985	79999.9837	79999.9855	0.00169863006	0.000799999855	0	47	0	0	3
141	117	0	1.8817546	79999.9855	79999.9851	79999.9841	79999.9855	0.00143223908	0.000799999855	0	55.8	0	0	3
142	118	0	1.89510038	79999.9854	79999.9851	79999.9844	79999.9855	0.00114774506	0.000799999854	0	69.7	0	0	3
143	119	0	1.90844616	79999.9855	79999.9851	79999.9845	79999.9855	0.00104473499	0.000799999855	0	76.5	0	0	3
144	119	0	1.92179193	79999.9856	79999.9852	79999.9847	79999.9856	0.00088099901	0.000799999856	0	90.8	0	0	3
145	120	0	1.93513771	79999.9857	79999.9852	79999.9847	79999.9857	0.0010160486	0.000799999857	0	78.7	0	0	3
146	121	0	1.94848349	79999.9857	79999.9852	79999.9847	79999.9857	0.001019414	0.000799999857	0	78.4	0	0	3
147	122	0	1.96182927	79999.9859	79999.9853	79999.9847	79999.9859	0.0011923898	0.000799999859	0	67	0	0	3
148	123	0	1.97517504	79999.9859	79999.9853	79999.9847	79999.9859	0.00122780284	0.000799999859	0	65.1	0	0	3
149	123	0	1.98852082	79999.986	79999.9853	79999.9847	79999.986	0.00129232381	0.00079999986	0	61.9	0	0	3
150	124	0	2.0018666	79999.9859	79999.9853	79999.9847	79999.986	0.00129232381	0.000799999859	0	61.9	0	0	3
151	125	0	2.01521237	79999.9859	79999.9853	79999.9847	79999.986	0.00129232381	0.000799999859	0	61.9	0	0	3
152	126	0	2.02855815	79999.9859	79999.9853	79999.9847	79999.986	0.00129232381	0.000799999859	0	61.9	0	0	3
153	127	0	2.04190393	79999.9859	79999.9854	79999.9847	79999.986	0.00129232381	0.000799999859	0	61.9	0	0	3
154	128	0	2.05524971	79999.986	79999.9854	79999.9847	79999.986	0.00129232381	0.00079999986	0	61.9	0	0	3
155	128	0	2.06859548	79999.986	79999.9854	79999.9847	79999.986	0.00129232381	0.00079999986	0	61.9	0	0	3
156	129	0	2.08194126	79999.986	79999.9854	79999.9847	79999.986	0.00129232381	0.00079999986	0	61.9	0	0	3
157	130	0	2.09528704	79999.986	79999.9855	79999.9847	79999.986	0.00131494508	0.00079999986	0	60.8	0	0	3
158	131	0	2.10863282	79999.9859	79999.9855	79999.9847	79999.986	0.00131494508	0.000799999859	0	60.8	0	0	3
159	132	0	2.12197859	79999.986	79999.9855	79999.9847	79999.986	0.00131494508	0.00079999986	0	60.8	0	0	3
160	133	0	2.13532437	79999.9861	79999.9856	79999.9848	79999.9861	0.00132867333	0.000799999861	0	60.2	0	0	3
161	133	0	2.14867015	79999.9861	79999.9856	79999.9848	79999.9861	0.00132370986	0.000799999861	0	60.4	0	0	3
162	134	0	2.16201592	79999.9862	79999.9856	79999.9849	79999.9862	0.00135967223	0.000799999862	0	58.8	0	0	3
163	135	0	2.1753617	79999.9865	79999.9857	79999.9849	79999.9865	0.00138272463	0.000799999865	0	57.8	0	0	3
164	136	0	2.18870748	79999.9866	79999.9857	79999.9851	79999.9866	0.00137362529	0.000799999866	0	58.2	0	0	3
165	137	0	2.20205326	79999.9867	79999.9858	79999.9851	79999.9867	0.00136492435	0.000799999867	0	58.6	0	0	3
166	137	0	2.21539903	79999.9867	79999.9858	79999.9852	79999.9867	0.00135594804	0.000799999867	0	58.9	0	0	3
167	138	0	2.22874481	79999.9867	79999.9858	79999.9852	79999.9867	0.00134459391	0.000799999867	0	59.4	0	0	3
168	139	0	2.24209059	79999.9866	79999.9859	79999.9853	79999.9867	0.00132771888	0.000799999866	0	60.2	0	0	3
169	140	0	2.25543637	79999.9866	79999.9859	79999.9853	79999.9867	0.00131126565	0.000799999866	0	61	0	0	3
170	141	0	2.26878214	79999.9866	79999.9859	79999.9853	79999.9867	0.00129367213	0.000799999866	0	61.8	0	0	3
171	142	0	2.28212792	79999.9866	79999.986	79999.9853	79999.9867	0.0012751044	0.000799999866	0	62.7	0	0	3
172	143	0	2.2954737	79999.9866	79999.986	79999.9854	79999.9867	0.00125409807	0.000799999866	0	63.7	0	0	3
173	143	0	2.30881948	79999.9865	79999.986	79999.9854	79999.9867	0.00122740641	0.000799999865	0	65.1	0	0	3
174	144	0	2.32216525	79999.9864	79999.9861	79999.9854	79999.9867	0.00119505935	0.000799999864	0	66.9	0	0	3
175	145	0	2.33551103	79999.9863	79999.9861	79999.9854	79999.9867	0.00115971522	0.000799999863	0	68.9	0	0	3
176	146	0	2.34885681	79999.9862	79999.9861	79999.9854	79999.9867	0.00112188901	0.000799999862	0	71.3	0	0	3
177	147	0	2.36220258	79999.9861	79999.9861	79999.9854	79999.9867	0.00108356174	0.000799999861	0	73.8	0	0	3
178	147	0	2.37554836	79999.9861	79999.9861	79999.9854	79999.9867	0.00105184989	0.000799999861	0	76	0	0	3
179	148	0	2.38889414	79999.9862	79999.9862	79999.9854	79999.9867	0.00103440799	0.000799999862	0	77.3	0	0	3
180	149	0	2.40223992	79999.9861	79999.9862	79999.9855	79999.9867	0.00102454757	0.000799999861	0	78	0	0	3
181	150	0	2.41558569	79999.9862	79999.9862	79999.9856	79999.9867	0.00101463952	0.000799999862	0	78.8	0	0	3
182	151	0	2.42893147	79999.9862	79999.9862	79999.9857	79999.9867	0.000997674622	0.000799999862	0	80.1	0	0	3
183	151	0	2.44227725	79999.9863	79999.9862	79999.9857	79999.9867	0.000994309215	0.000799999863	0	80.4	0	0	3
184	152	0	2.45562303	79999.9862	79999.9862	79999.9859	79999.9867	0.000864367044	0.000799999862	0	92.5	0	0	3
185	153	0	2.4689688	79999.9864	79999.9862	79999.9859	79999.9867	0.000864367044	0.000799999864	0	92.5	0	0	3
186	154	0	2.48231458	79999.9863	79999.9863	79999.9859	79999.9867	0.000864367044	0.000799999863	0	92.5	0	0	3
187	155	0	2.49566036	79999.9859	79999.9863	79999.9859	79999.9867	0.000864367044	0.000799999859	0	92.5	0	0	3
188	155	0	2.50900614	79999.9857	79999.9863	79999.9857	79999.9867	0.000934634736	0.000799999857	0	85.5	0	0	3
189	156	0	2.52235191	79999.9857	79999.9862	79999.9857	79999.9867	0.000920578241	0.000799999857	0	86.9	0	0	3
190	157	0	2.53569769	79999.9857	79999.9862	79999.9857	79999.9867	0.000905344088	0.000799999857	0	88.3	0	0	3
191	158	0	2.54904347	79999.9858	79999.9862	79999.9857	79999.9867	0.000883343324	0.000799999858	0	90.5	0	0	3
192	159	0	2.56238924	79999.9857	79999.9862	79999.9857	79999.9867	0.000859062915	0.000799999857	0	93.1	0	0	3
193	160	0	2.57573502	79999.9854	79999.9862	79999.9854	79999.9867	0.00083270701	0.000799999854	0	96	0	0	3
194	161	0	2.5890808	79999.9853	79999.9862	79999.9853	79999.9867	0.000802428272	0.000799999853	0	99.6	0	0	3
195	162	0	2.60242658	79999.985	79999.9862	79999.985	79999.9867	0.000771299688	0.00079999985	0	100	0	0	3
196	163	0	2.61577235	79999.9849	79999.9861	79999.9849	79999.9867	0.00073998516	0.000799999849	0	100	0	0	3
197	163	0	2.62911813	79999.9851	79999.9861	79999.9849	79999.9867	0.000704052727	0.000799999851	0	100	0	0	3
198	164	0	2.64246391	79999.9853	79999.9861	79999.9849	79999.9867	0.000669218774	0.000799999853	0	100	0	0	3
199	165	0	2.65580969	79999.9855	79999.9861	79999.9849	79999.9867	0.00063001574	0.000799999855	0	100	0	0	3
200	166	0	2.66915546	79999.9854	79999.9861	79999.9849	79999.9867	0.000588823095	0.000799999854	0	100	0	0	3
201	167	0	2.68250124	79999.9853	79999.986	79999.9849	79999.9867	0.000543635644	0.000799999853	0	100	0	0	3
202	168	0	2.69584702	79999.9853	79999.986	79999.9849	79999.9867	0.000503053394	0.000799999853	0	100	0	0	3
203	169	0	2.70919279	79999.9854	79999.986	79999.9849	79999.9867	0.000459648669	0.000799999854	0	100	0	0	3
204	170	0	2.72253857	79999.9854	79999.9859	79999.9849	79999.9867	0.000420661134	0.000799999854	0	100	0	0	3
205	171	0	2.73588435	79999.9855	79999.9859	79999.9849	79999.9866	0.000384161249	0.000799999855	0	100	0	0	3
206	172	0	2.74923013	79999.9855	79999.9859	79999.9849	79999.9866	0.000388324523	0.000799999855	0	100	0	0	3
207	173	0	2.7625759	79999.9856	79999.9858	79999.9849	79999.9866	0.000414997616	0.000799999856	0	100	0	0	3
208	173	0	2.77592168	79999.9856	79999.9858	79999.9849	79999.9866	0.000439952375	0.000799999856	0	100	0	0	3
209	174	0	2.78926746	79999.9857	79999.9858	79999.9849	79999.9866	0.000461787451	0.000799999857	0	100	0	0	3
210	175	0	2.80261324	79999.9858	79999.9858	79999.9849	79999.9865	0.000483886164	0.000799999858	0	100	0	0	3
211	176	0	2.81595901	79999.9859	79999.9858	79999.9849	79999.9864	0.000501463743	0.000799999859	0	100	0	0	3
212	177	0	2.82930479	79999.9859	79999.9857	79999.9849	79999.9864	0.000515181324	0.000799999859	0	100	0	0	3
213	178	0	2.84265057	79999.986	79999.9857	79999.9849	79999.9864	0.000524311166	0.00079999986	0	100	0	0	3
214	179	0	2.85599635	79999.9859	79999.9857	79999.9849	79999.9864	0.000532283579	0.000799999859	0	100	0	0	3
215	180	0	2.86934212	79999.986	79999.9857	79999.9849	79999.9864	0.000537067186	0.00079999986	0	100	0	0	3
216	181	0	2.8826879	79999.9859	79999.9857	79999.9849	79999.9864	0.000542242953	0.000799999859	0	100	0	0	3
217	181	0	2.89603368	79999.9859	79999.9857	79999.9849	79999.9864	0.000548613141	0.000799999859	0	100	0	0	3
218	182	0	2.90937945	79999.9859	79999.9857	79999.9849	79999.9864	0.00055384505	0.000799999859	0	100	0	0	3
219	183	0	2.92272523	79999.986	79999.9857	79999.9849	79999.9864	0.000561288995	0.00079999986	0	100	0	0	3
220	184	0	2.93607101	79999.9857	79999.9857	79999.9849	79999.9864	0.000575532365	0.000799999857	0	100	0	0	3
221	185	0	2.94941679	79999.9857	79999.9857	79999.9849	79999.9864	0.000590325377	0.000799999857	0	100	0	0	3
222	186	0	2.96276256	79999.9859	79999.9857	79999.9849	79999.9864	0.000599285107	0.000799999859	0	100	0	0	3
223	187	0	2.97610834	79999.986	79999.9856	79999.9849	79999.9863	0.00061055785	0.00079999986	0	100	0	0	3
224	188	0	2.98945412	79999.9858	79999.9856	79999.9849	79999.986	0.000621371713	0.000799999858	0	100	0	0	3
225	189	0	3.0027999	79999.9856	79999.9856	79999.9849	79999.986	0.000625839413	0.000799999856	0	100	0	0	3
226	190	0	3.01614567	79999.9853	79999.9856	79999.9849	79999.986	0.000631684015	0.000799999853	0	100	0	0	3
227	190	0	3.02949145	79999.9853	79999.9856	79999.9849	79999.986	0.00063802622	0.000799999853	0	100	0	0	3
228	191	0	3.04283723	79999.9855	79999.9856	79999.9849	79999.986	0.000641605788	0.000799999855	0	100	0	0	3
229	192	0	3.056183	79999.9856	79999.9856	79999.9849	79999.986	0.000638280282	0.000799999856	0	100	0	0	3
230	193	0	3.06952878	79999.9854	79999.9856	79999.9849	79999.986	0.000629756731	0.000799999854	0	100	0	0	3
231	194	0	3.08287456	79999.9852	79999.9856	79999.9849	79999.986	0.000616968231	0.000799999852	0	100	0	0	3
232	195	0	3.09622034	79999.985	79999.9856	79999.9849	79999.986	0.000598402679	0.00079999985	0	100	0	0	3
233	196	0	3.10956611	79999.9851	79999.9856	79999.9849	79999.986	0.000571317913	0.000799999851	0	100	0	0	3
234	197	0	3.12291189	79999.9853	79999.9856	79999.985	79999.986	0.000547485819	0.000799999853	0	100	0	0	3
235	198	0	3.13625767	79999.9854	79999.9856	79999.985	79999.986	0.000527416516	0.000799999854	0	100	0	0	3
236	198	0	3.14960345	79999.9855	79999.9856	79999.985	79999.986	0.000512826926	0.000799999855	0	100	0	0	3
237	199	0	3.16294922	79999.9856	79999.9856	79999.985	79999.986	0.000490210092	0.000799999856	0	100	0	0	3
238	200	0	3.176295	79999.9856	79999.9856	79999.985	79999.986	0.00045997843	0.000799999856	0	100	0	0	3
239	201	0	3.18964078	79999.9856	79999.9856	79999.985	79999.986	0.000424759099	0.000799999856	0	100	0	0	3
240	202	0	3.20298656	79999.9856	79999.9856	79999.985	79999.986	0.000391478112	0.000799999856	0	100	0	0	3
241	203	0	3.21633233	79999.9856	79999.9856	79999.985	79999.986	0.000356922392	0.000799999856	0	100	0	0	3
242	204	0	3.22967811	79999.9856	79999.9856	79999.985	79999.986	0.000324855399	0.000799999856	0	100	0	0	3
243	205	0	3.24302389	79999.9857	79999.9856	79999.985	79999.986	0.000297216131	0.000799999857	0	100	0	0	3
244	206	0	3.25636966	79999.986	79999.9857	79999.985	79999.986	0.000270543038	0.00079999986	0	100	0	0	3
245	207	0	3.26971544	79999.9863	79999.9857	79999.985	79999.9863	0.000245588279	0.000799999863	0	100	0	0	3
246	208	0	3.28306122	79999.9865	79999.9857	79999.985	79999.9865	0.000223753203	0.000799999865	0	100	0	0	3
247	209	0	3.296407	79999.9867	79999.9857	79999.985	79999.9867	0.00020165449	0.000799999867	0	100	0	0	3
248	209	0	3.30975277	79999.9868	79999.9857	79999.985	79999.9868	0.000184076911	0.000799999868	0	100	0	0	3
249	210	0	3.32309855	79999.9869	79999.9858	79999.985	79999.9869	0.000202249474	0.000799999869	0	100	0	0	3
250	211	0	3.33644433	79999.987	79999.9858	79999.985	79999.987	0.000230198668	0.00079999987	0	100	0	0	3
251	212	0	3.34979011	79999.9869	79999.9858	79999.985	79999.987	0.000256136249	0.000799999869	0	100	0	0	3
252	213	0	3.36313588	79999.9869	79999.9859	79999.985	79999.987	0.000282573936	0.000799999869	0	100	0	0	3
253	214	0	3.37648166	79999.9869	79999.9859	79999.985	79999.987	0.000306727627	0.000799999869	0	100	0	0	3
254	215	0	3.38982744	79999.9868	79999.9859	79999.985	79999.987	0.000331032352	0.000799999868	0	100	0	0	3
255	216	0	3.40317322	79999.9868	79999.9859	79999.985	79999.987	0.000353798008	0.000799999868	0	100	0	0	3
256	217	0	3.41651899	79999.9867	79999.9859	79999.985	79999.987	0.000374808063	0.000799999867	0	100	0	0	3
257	218	0	3.42986477	79999.9867	79999.986	79999.985	79999.987	0.000394172661	0.000799999867	0	100	0	0	3
258	219	0	3.44321055	79999.9866	79999.986	79999.985	79999.987	0.000418726355	0.000799999866	0	100	0	0	3
259	219	0	3.45655632	79999.9865	79999.986	79999.985	79999.987	0.000438748495	0.000799999865	0	100	0	0	3
260	220	0	3.4699021	79999.9865	79999.986	79999.985	79999.987	0.000453650166	0.000799999865	0	100	0	0	3
261	221	0	3.48324788	79999.9864	79999.986	79999.985	79999.987	0.000462467739	0.000799999864	0	100	0	0	3
262	222	0	3.49659366	79999.9863	79999.986	79999.985	79999.987	0.000474531043	0.000799999863	0	100	0	0	3
263	223	0	3.50993943	79999.9863	79999.9861	79999.985	79999.987	0.000493453685	0.000799999863	0	100	0	0	3
264	224	0	3.52328521	79999.9862	79999.9861	79999.985	79999.987	0.000516665532	0.000799999862	0	100	0	0	3
265	225	0	3.53663099	79999.9863	79999.9861	79999.985	79999.987	0.000541363377	0.000799999863	0	100	0	0	3
266	226	0	3.54997677	79999.9863	79999.9861	79999.985	79999.987	0.000561754438	0.000799999863	0	100	0	0	3
267	227	0	3.56332254	79999.9862	79999.9862	79999.985	79999.987	0.000578099891	0.000799999862	0	100	0	0	3
268	228	0	3.57666832	79999.9864	79999.9862	79999.985	79999.987	0.000603357345	0.000799999864	0	100	0	0	3
269	229	0	3.5900141	79999.9864	79999.9862	79999.985	79999.987	0.000636881843	0.000799999864	0	100	0	0	3
270	230	0	3.60335987	79999.9865	79999.9863	79999.9851	79999.987	0.000675348536	0.000799999865	0	100	0	0	3
271	231	0	3.61670565	79999.9866	79999.9863	79999.9853	79999.987	0.000703385245	0.000799999866	0	100	0	0	3
272	232	0	3.63005143	79999.9866	79999.9863	79999.9854	79999.987	0.000728548795	0.000799999866	0	100	0	0	3
273	233	0	3.64339721	79999.9867	79999.9864	79999.9855	79999.987	0.000755537141	0.000799999867	0	100	0	0	3
274	233	0	3.65674298	79999.9866	79999.9864	79999.9856	79999.987	0.000781873852	0.000799999866	0	100	0	0	3
275	234	0	3.67008876	79999.9866	79999.9864	79999.9856	79999.987	0.000802330847	0.000799999866	0	99.7	0	0	3
276	235	0	3.68343454	79999.9866	79999.9864	79999.9856	79999.987	0.000819948735	0.000799999866	0	97.5	0	0	3
277	236	0	3.69678032	79999.9866	79999.9865	79999.9856	79999.987	0.000838130363	0.000799999866	0	95.4	0	0	3
278	237	0	3.71012609	79999.9866	79999.9865	79999.9856	79999.987	0.000859707201	0.000799999866	0	93	0	0	3
279	238	0	3.72347187	79999.9867	79999.9865	79999.9856	79999.987	0.000883072513	0.000799999867	0	90.5	0	0	3
280	239	0	3.73681765	79999.9867	79999.9865	79999.9857	79999.987	0.000905318535	0.000799999867	0	88.3	0	0	3
281	240	0	3.75016343	79999.9868	79999.9866	79999.986	79999.987	0.000919715036	0.000799999868	0	86.9	0	0	3
282	241	0	3.7635092	79999.9867	79999.9866	79999.9862	79999.987	0.000776407018	0.000799999867	0	100	0	0	3
283	242	0	3.77685498	79999.9868	79999.9866	79999.9862	79999.987	0.000776407018	0.000799999868	0	100	0	0	3
284	243	0	3.79020076	79999.9868	79999.9866	79999.9862	79999.987	0.000776407018	0.000799999868	0	100	0	0	3
285	243	0	3.80354653	79999.9868	79999.9866	79999.9862	79999.987	0.000776407018	0.000799999868	0	100	0	0	3
286	244	0	3.81689231	79999.9868	79999.9866	79999.9862	79999.987	0.000776407018	0.000799999868	0	100	0	0	3
287	245	0	3.83023809	79999.9869	79999.9866	79999.9862	79999.987	0.000776407018	0.000799999869	0	100	0	0	3
288	246	0	3.84358387	79999.9869	79999.9866	79999.9862	79999.9869	0.000759833827	0.000799999869	0	100	0	0	3
289	247	0	3.85692964	79999.987	79999.9866	79999.9862	79999.987	0.000759550458	0.00079999987	0	100	0	0	3
290	248	0	3.87027542	79999.9869	79999.9866	79999.9862	79999.987	0.000735396767	0.000799999869	0	100	0	0	3
291	249	0	3.8836212	79999.9869	79999.9866	79999.9862	79999.987	0.000711092041	0.000799999869	0	100	0	0	3
292	250	0	3.89696698	79999.9868	79999.9866	79999.9862	79999.987	0.000688326385	0.000799999868	0	100	0	0	3
293	251	0	3.91031275	79999.9868	79999.9866	79999.9862	79999.987	0.00066731633	0.000799999868	0	100	0	0	3
294	252	0	3.92365853	79999.9868	79999.9866	79999.9862	79999.987	0.000647951732	0.000799999868	0	100	0	0	3
295	253	0	3.93700431	79999.9868	79999.9866	79999.9862	79999.987	0.000623398038	0.000799999868	0	100	0	0	3
296	253	0	3.95035008	79999.9868	79999.9866	79999.9862	79999.987	0.000604642177	0.000799999868	0	100	0	0	3
297	254	0	3.96369586	79999.9868	79999.9866	79999.9862	79999.987	0.000597990002	0.000799999868	0	100	0	0	3
298	255	0	3.97704164	79999.9868	79999.9866	79999.9862	79999.987	0.000599246225	0.000799999868	0	100	0	0	3
299	256	0	3.99038742	79999.9868	79999.9866	79999.9862	79999.987	0.000599941399	0.000799999868	0	100	0	0	3
300	257	0	4.00373319	79999.9867	79999.9867	79999.9862	79999.987	0.000593656267	0.000799999867	0	100	0	0	3
