Iteration	CPUTime	PhysTime	Travels	Value	AvValue	MinValue	MaxValue	Delta	Criteria	PrevAvRefValue	Progress	CriteriaType	CriteriaVarType	CriteriaPercentage
1	4	0	0.0131941424	73.9018921	73.9018921	73.9018921	73.9018921	0	0	0	0	0	0	3
2	4	0	0.0263882848	33136.5008	16605.2014	73.9018921	33136.5008	16531.2995	0	0	0	0	0	3
3	5	0	0.0395824272	17073.33	16761.2442	73.9018921	33136.5008	16687.3424	0	0	0	0	0	3
4	6	0	0.0527765696	26226.987	19127.6799	73.9018921	33136.5008	19053.778	0	0	0	0	0	3
5	7	0	0.065970712	28638.9409	21029.9321	73.9018921	33136.5008	20956.0302	0	0	0	0	0	3
6	8	0	0.0791648543	52448.616	26266.3794	73.9018921	52448.616	26192.4775	0	0	0	0	0	3
7	9	0	0.0923589967	73952.8362	33078.7304	73.9018921	73952.8362	33004.8285	0	0	0	0	0	3
8	9	0	0.105553139	100553.386	41513.0623	73.9018921	100553.386	41439.1604	0	0	0	0	0	3
9	10	0	0.118747282	134492.029	51844.0586	73.9018921	134492.029	51770.1568	0	0	0	0	0	3
10	11	0	0.131941424	163649.017	63024.5545	73.9018921	163649.017	62950.6526	0	0	0	0	0	3
11	12	0	0.145135566	253670.678	80356.0203	73.9018921	253670.678	80282.1184	0	0	0	0	0	3
12	13	0	0.158329709	250368.295	94523.7098	73.9018921	253670.678	94449.808	0	0	0	0	0	3
13	14	0	0.171523851	257930.704	107093.479	73.9018921	257930.704	107019.577	0	0	0	0	0	3
14	14	0	0.184717993	262551.463	118197.62	73.9018921	262551.463	118123.718	0	0	0	0	0	3
15	15	0	0.197912136	247180.868	126796.504	73.9018921	262551.463	126722.602	0	0	0	0	0	3
16	16	0	0.211106278	257376.933	134957.78	73.9018921	262551.463	134883.878	0	0	0	0	0	3
17	17	0	0.224300421	256515.794	142108.252	73.9018921	262551.463	142034.35	0	0	0	0	0	3
18	18	0	0.237494563	252356.138	148233.134	73.9018921	262551.463	148159.232	0	0	0	0	0	3
19	19	0	0.250688705	258090.031	154015.076	73.9018921	262551.463	153941.174	0	0	0	0	0	3
20	19	0	0.263882848	263229.767	159475.811	73.9018921	263229.767	159401.909	0	0	0	0	0	3
21	20	0	0.27707699	280182.982	165223.771	73.9018921	280182.982	165149.869	0	0	0	0	0	3
22	21	0	0.290271133	281955.839	170529.774	73.9018921	281955.839	170455.873	0	0	0	0	0	3
23	22	0	0.303465275	301393.372	176219.496	73.9018921	301393.372	176145.594	0	0	0	0	0	3
24	23	0	0.316659417	310145.631	181799.752	73.9018921	310145.631	181725.85	0	0	0	0	0	3
25	24	0	0.32985356	312693.673	187035.509	73.9018921	312693.673	186961.607	0	0	0	0	0	3
26	25	0	0.343047702	344170.379	193079.157	73.9018921	344170.379	193005.256	0	0	0	0	0	3
27	25	0	0.356241845	352557.855	198985.776	73.9018921	352557.855	198911.874	0	0	0	0	0	3
28	26	0	0.369435987	353205.579	204493.626	73.9018921	353205.579	204419.724	0	0	0	0	0	3
29	27	0	0.382630129	370719.021	210225.536	73.9018921	370719.021	210151.634	0	0	0	0	0	3
30	28	0	0.395824272	525690.917	220741.049	73.9018921	525690.917	220667.147	0	0	0	0	0	3
31	29	0	0.409018414	502253.733	229822.103	73.9018921	525690.917	229748.201	0	0	0	0	0	3
32	30	0	0.422212556	471805.413	237384.082	73.9018921	525690.917	237310.18	0	0	0	0	0	3
33	31	0	0.435406699	427746.914	243152.652	73.9018921	525690.917	243078.75	0	0	0	0	0	3
34	32	0	0.448600841	446516.653	249133.946	73.9018921	525690.917	249060.045	0	0	0	0	0	3
35	32	0	0.461794984	459720.122	255150.694	73.9018921	525690.917	255076.792	0	0	0	0	0	3
36	33	0	0.474989126	469677.032	261109.759	73.9018921	525690.917	261035.857	0	0	0	0	0	3
37	34	0	0.488183268	602291.51	270330.888	73.9018921	602291.51	270256.986	0	0	0	0	0	3
38	35	0	0.501377411	608786.206	279237.607	73.9018921	608786.206	279163.705	0	0	0	0	0	3
39	36	0	0.514571553	586101.92	294659.396	17073.33	608786.206	278054.195	0	0	0	0	0	3
40	37	0	0.527765696	580551.025	309065.042	17073.33	608786.206	292303.798	0	0	0	0	0	3
41	38	0	0.540959838	519922.549	322297.916	26226.987	608786.206	303170.236	0	0	0	0	0	3
42	38	0	0.55415398	430633.628	332940.196	28638.9409	608786.206	311910.264	0	0	0	0	0	3
43	39	0	0.567348123	406429.713	342882.059	52448.616	608786.206	316615.679	0	0	0	0	0	3
44	40	0	0.580542265	419961.965	352553.462	73952.8362	608786.206	319474.732	0	0	0	0	0	3
45	41	0	0.593736408	434792.089	362049.232	100553.386	608786.206	320536.17	0	0	0	0	0	3
46	42	0	0.60693055	447312.067	371174.461	134492.029	608786.206	319330.402	0	0	0	0	0	3
47	43	0	0.620124692	455118.181	379611.991	163649.017	608786.206	316587.436	0	0	0	0	0	3
48	44	0	0.633318835	460914.691	387434.772	247180.868	608786.206	307078.752	0	0	0	0	0	3
49	45	0	0.646512977	465990.772	393022.143	247180.868	608786.206	298498.433	0	0	0	0	0	3
50	46	0	0.65970712	469463.776	398787.813	247180.868	608786.206	291694.335	0	0	0	0	0	3
51	47	0	0.672901262	473556.048	404462.164	247180.868	608786.206	286264.544	0	0	0	0	0	3
52	48	0	0.686095404	476788.079	410099.97	247180.868	608786.206	283303.467	0	0	0	0	0	3
53	49	0	0.699289547	480813.383	416248.194	252356.138	608786.206	281290.414	0	0	0	0	0	3
54	50	0	0.712483689	483423.074	422196.777	252356.138	608786.206	280088.525	0	0	0	0	0	3
55	50	0	0.725677831	514827.517	428994.454	252356.138	608786.206	280761.319	0	0	0	0	0	3
56	51	0	0.738871974	487025.535	435169.964	258090.031	608786.206	281154.888	0	0	0	0	0	3
57	52	0	0.752066116	592535.175	443971.152	263229.767	608786.206	284495.341	0	0	0	0	0	3
58	53	0	0.765260259	489375.392	449922.353	280182.982	608786.206	284698.582	0	0	0	0	0	3
59	54	0	0.778454401	490593.075	455459.461	281955.839	608786.206	284929.686	0	0	0	0	0	3
60	55	0	0.791648543	681765.104	465980.757	301393.372	681765.104	289761.261	0	0	0	0	0	3
61	56	0	0.804842686	493247.878	471029.56	310145.631	681765.104	289229.808	0	0	0	0	0	3
62	57	0	0.818036828	731971.298	482130.235	312693.673	731971.298	295094.727	0	0	0	0	0	3
63	58	0	0.831230971	495804.367	486948.938	344170.379	731971.298	293869.78	0	0	0	0	0	3
64	58	0	0.844425113	516496.429	491483.834	352557.855	731971.298	292498.058	0	0	0	0	0	3
65	59	0	0.857619255	498206.411	495316.691	353205.579	731971.298	290823.065	0	0	0	0	0	3
66	60	0	0.870813398	784994.742	506679.563	370719.021	784994.742	296454.027	0	0	0	0	0	3
67	61	0	0.88400754	500649.51	510098.787	406429.713	784994.742	289357.738	0	0	0	0	0	3
68	62	0	0.897201683	808226.299	517533.928	406429.713	808226.299	287711.825	0	0	0	0	0	3
69	63	0	0.910395825	502916.692	517551.375	406429.713	808226.299	280167.293	0	0	0	0	0	3
70	64	0	0.923589967	562210.713	519930.461	406429.713	808226.299	276777.809	0	0	0	0	0	3
71	65	0	0.93678411	525684.764	522507.773	406429.713	808226.299	273373.827	0	0	0	0	0	3
72	66	0	0.949978252	505944.567	524071.666	406429.713	808226.299	268920.971	0	0	0	0	0	3
73	66	0	0.963172395	555332.376	526587.778	406429.713	808226.299	265478.018	0	0	0	0	0	3
74	67	0	0.976366537	507852.645	527592.399	406429.713	808226.299	257261.511	0	0	0	0	0	3
75	68	0	0.989560679	552409.437	526279.713	406429.713	808226.299	248354.793	0	0	0	0	0	3
76	69	0	1.00275482	509422.592	523664.881	406429.713	808226.299	232933.003	23734.5891	0	10.1	0	0	3
77	70	0	1.01594896	558482.358	522938.05	406429.713	808226.299	218527.357	23734.5891	0	10.8	0	0	3
78	71	0	1.02914311	511160.826	521111.993	406429.713	808226.299	205294.483	23734.5891	0	11.5	0	0	3
79	72	0	1.04233725	560503.921	522179.923	406429.713	808226.299	194652.203	23734.5891	0	12.1	0	0	3
80	73	0	1.05553139	512772.121	524341.463	406429.713	808226.299	184710.341	23734.5891	0	12.8	0	0	3
81	74	0	1.06872553	850787.025	536035.076	419961.965	850787.025	183481.614	23734.5891	0	12.9	0	0	3
82	75	0	1.08191968	514225.708	538515.701	434792.089	850787.025	176466.469	23734.5891	0	13.4	0	0	3
83	76	0	1.09511382	843906.287	549281.864	447312.067	850787.025	178107.403	23734.5891	0	13.3	0	0	3
84	77	0	1.10830796	515869.62	551086.01	455118.181	850787.025	171474.019	23734.5891	0	13.8	0	0	3
85	78	0	1.1215021	850282.974	561485.084	460914.691	850787.025	174050.312	23734.5891	0	13.6	0	0	3
86	79	0	1.13469625	517468.238	562973.335	465990.772	850787.025	169951.192	23734.5891	0	13.9	0	0	3
87	80	0	1.14789039	830457.665	572564.569	469463.776	850787.025	173776.756	23734.5891	0	13.6	0	0	3
88	81	0	1.16108453	518953.477	573866.93	473556.048	850787.025	169404.765	23734.5891	0	14	0	0	3
89	82	0	1.17427867	834691.365	583370.49	476788.079	850787.025	173270.52	23734.5891	0	13.6	0	0	3
90	83	0	1.18747282	520440.05	584519.227	480813.383	850787.025	168271.032	23734.5891	0	14.1	0	0	3
91	84	0	1.20066696	833847.687	593809.603	483423.074	850787.025	171612.826	23734.5891	0	13.8	0	0	3
92	85	0	1.2138611	568787.78	596056.043	487025.535	850787.025	167061.589	23734.5891	0	14.2	0	0	3
93	86	0	1.22705524	834067.628	604457.098	487025.535	850787.025	169287.134	23734.5891	0	14	0	0	3
94	87	0	1.24024938	826377.246	613387.406	489375.392	850787.025	169416.254	23734.5891	0	14	0	0	3
95	88	0	1.25344353	826484.086	619543.957	489375.392	850787.025	169621.604	23734.5891	0	13.9	0	0	3
96	89	0	1.26663767	524368.852	620464.837	490593.075	850787.025	165005.377	23734.5891	0	14.3	0	0	3
97	90	0	1.27983181	818013.059	629081.153	493247.878	850787.025	163100.396	23734.5891	0	14.5	0	0	3
98	90	0	1.29302595	525173.128	624960.311	493247.878	850787.025	158051.593	23734.5891	0	15	0	0	3
99	91	0	1.3062201	815318.018	633435.841	495804.367	850787.025	151305.606	23734.5891	0	15.6	0	0	3
100	92	0	1.31941424	526843.866	628037.751	495804.367	850787.025	146486.903	23734.5891	0	16.2	0	0	3
101	94	0	1.33260838	813844.401	636407.225	498206.411	850787.025	144923.392	23734.5891	0	16.3	0	0	3
102	95	0	1.34580252	528297.203	636717.772	498206.411	850787.025	141401.082	23734.5891	0	16.7	0	0	3
103	96	0	1.35899667	809022.371	644897.139	500649.51	850787.025	138217.576	23734.5891	0	17.1	0	0	3
104	97	0	1.37219081	529568.969	638175.409	500649.51	850787.025	134798.353	23734.5891	0	17.6	0	0	3
105	98	0	1.38538495	815186.127	646452.688	502916.692	850787.025	128918.76	23734.5891	0	18.4	0	0	3
106	99	0	1.39857909	530902.621	639154.696	502916.692	850787.025	128901.313	23734.5891	0	18.4	0	0	3
107	100	0	1.41177324	814753.865	647360.938	505944.567	850787.025	127430.476	23734.5891	0	18.6	0	0	3
108	101	0	1.42496738	531703.443	646558.115	505944.567	850787.025	126248.945	23734.5891	0	18.7	0	0	3
109	102	0	1.43816152	531910.068	646721.939	505944.567	850787.025	126248.945	23734.5891	0	18.7	0	0	3
110	103	0	1.45135566	813702.254	654820.825	507852.645	850787.025	133708.833	23734.5891	0	17.7	0	0	3
111	104	0	1.46454981	532899.558	654230.488	507852.645	850787.025	133708.833	23734.5891	0	17.7	0	0	3
112	105	0	1.47774395	810187.654	662186.672	509422.592	850787.025	141074.68	23734.5891	0	16.8	0	0	3
113	106	0	1.49093809	533869.388	661698.776	509422.592	850787.025	141074.68	23734.5891	0	16.8	0	0	3
114	107	0	1.50413223	804118.524	669453.932	511160.826	850787.025	148341.94	23734.5891	0	15.9	0	0	3
115	108	0	1.51732637	535124.217	668839.244	511160.826	850787.025	148341.94	23734.5891	0	15.9	0	0	3
116	109	0	1.53052052	799480.27	676426.598	512772.121	850787.025	154246.675	23734.5891	0	15.3	0	0	3
117	110	0	1.54371466	536046.748	675782.988	512772.121	850787.025	152085.136	23734.5891	0	15.6	0	0	3
118	111	0	1.5569088	792450.58	683142.948	514225.708	850787.025	147107.872	23734.5891	0	16.1	0	0	3
119	112	0	1.57010294	537128.134	674888.767	514225.708	850282.974	144627.247	23734.5891	0	16.4	0	0	3
120	113	0	1.58329709	786138.593	682044.369	515869.62	850282.974	133861.084	23734.5891	0	17.7	0	0	3
121	114	0	1.59649123	538005.055	673994.336	515869.62	850282.974	132056.938	23734.5891	0	17.9	0	0	3
122	115	0	1.60968537	784601.38	681066.225	517468.238	850282.974	121657.864	23734.5891	0	19.5	0	0	3
123	116	0	1.62287951	539015.79	672874.983	517468.238	834691.365	120169.613	23734.5891	0	19.7	0	0	3
124	117	0	1.63607366	789571.574	680035.597	518953.477	834691.365	110578.379	23734.5891	0	21.4	0	0	3
125	118	0	1.6492678	539920.924	672389.893	518953.477	834691.365	109276.018	23734.5891	0	21.7	0	0	3
126	119	0	1.66246194	541012.873	672970.404	520440.05	834691.365	99772.4574	23734.5891	0	23.7	0	0	3
127	120	0	1.67565608	540691.981	665233.578	520440.05	834067.628	98623.7213	23734.5891	0	24	0	0	3
128	121	0	1.68885023	541800.854	665795.704	524368.852	834067.628	89333.3449	23734.5891	0	26.5	0	0	3
129	122	0	1.70204437	541613.766	658105.338	524368.852	834067.628	87086.9053	23734.5891	0	27.2	0	0	3
130	123	0	1.71523851	764792.075	663263.346	524368.852	834067.628	78685.8497	23734.5891	0	30.1	0	0	3
131	124	0	1.72843265	542520.003	655591.04	524368.852	826484.086	69755.5415	23734.5891	0	34	0	0	3
132	125	0	1.7416268	758733.198	653810.933	524368.852	826484.086	63598.9912	23734.5891	0	37.3	0	0	3
133	126	0	1.75482094	543276.412	646358.1	524368.852	818013.059	62678.1107	23734.5891	0	37.8	0	0	3
134	127	0	1.76801508	758575.319	652521.428	525173.128	818013.059	58182.6368	23734.5891	0	40.7	0	0	3
135	128	0	1.78120922	543733.179	645303.536	525173.128	815318.018	58182.6368	23734.5891	0	40.7	0	0	3
136	129	0	1.79440337	544788.365	645819.727	526843.866	815318.018	55105.1971	23734.5891	0	43	0	0	3
137	130	0	1.80759751	544445.61	638691.506	526843.866	815186.127	55105.1971	23734.5891	0	43	0	0	3
138	130	0	1.82079165	545453.864	639181.242	528297.203	815186.127	46735.7225	23734.5891	0	50.7	0	0	3
139	131	0	1.83398579	545256.519	632113.14	528297.203	815186.127	51029.8077	23734.5891	0	46.5	0	0	3
140	132	0	1.84717993	546471.737	632591.417	529568.969	815186.127	51029.8077	23734.5891	0	46.5	0	0	3
141	133	0	1.86037408	546070.509	625671.632	529568.969	815186.127	57471.3163	23734.5891	0	41.2	0	0	3
142	134	0	1.87356822	546946.712	626128.941	530902.621	815186.127	57471.3163	23734.5891	0	41.2	0	0	3
143	135	0	1.88676236	546704.518	619063.635	530902.621	814753.865	64079.3128	23734.5891	0	37	0	0	3
144	136	0	1.8999565	547681.509	619505.185	531703.443	814753.865	64079.3128	23734.5891	0	37	0	0	3
145	137	0	1.91315065	547481.922	612471.713	531703.443	813702.254	70671.2353	23734.5891	0	33.5	0	0	3
146	138	0	1.92634479	673907.773	616213.932	531910.068	813702.254	70671.2353	23734.5891	0	33.5	0	0	3
147	139	0	1.93953893	548294.712	616645.107	532899.558	813702.254	70671.2353	23734.5891	0	33.5	0	0	3
148	140	0	1.95273307	549131.521	609682.719	532899.558	810187.654	73460.229	23734.5891	0	32.3	0	0	3
149	141	0	1.96592722	632269.403	612297.715	533869.388	810187.654	73460.229	23734.5891	0	32.3	0	0	3
150	142	0	1.97912136	549630.145	605440.938	533869.388	804118.524	77702.0096	23734.5891	0	30.5	0	0	3
151	143	0	1.9923155	549606.232	605855.066	535124.217	804118.524	77702.0096	23734.5891	0	30.5	0	0	3
152	144	0	2.00550964	550591.589	599183.304	535124.217	799480.27	83959.6436	23734.5891	0	28.2	0	0	3
153	145	0	2.01870379	550304.335	599582.781	536046.748	799480.27	83959.6436	23734.5891	0	28.2	0	0	3
154	146	0	2.03189793	680516.162	596452.147	536046.748	792450.58	86690.8012	23734.5891	0	27.3	0	0	3
155	147	0	2.04509207	551097.003	596848.206	537128.134	792450.58	86690.8012	23734.5891	0	27.3	0	0	3
156	148	0	2.05828621	552031.81	590521.396	537128.134	789571.574	91522.9725	23734.5891	0	25.9	0	0	3
157	149	0	2.07148036	703624.168	594902.871	538005.055	789571.574	91522.9725	23734.5891	0	25.9	0	0	3
158	150	0	2.0846745	552664.879	588758.826	538005.055	789571.574	92307.399	23734.5891	0	25.7	0	0	3
159	151	0	2.09786864	697042.084	592944.011	539015.79	789571.574	92307.399	23734.5891	0	25.7	0	0	3
160	152	0	2.11106278	553295.856	586857.023	539015.79	789571.574	93178.5739	23734.5891	0	25.4	0	0	3
161	153	0	2.12425692	688649.169	590794.744	539920.924	789571.574	93178.5739	23734.5891	0	25.4	0	0	3
162	154	0	2.13745107	553955.922	584594.332	539920.924	764792.075	88376.0721	23734.5891	0	26.8	0	0	3
163	155	0	2.15064521	686840.153	588460.627	540691.981	764792.075	88376.0721	23734.5891	0	26.8	0	0	3
164	156	0	2.16383935	554470.017	588814.763	540691.981	764792.075	81201.3726	23734.5891	0	29.2	0	0	3
165	157	0	2.17703349	689532.723	592731.624	541613.766	764792.075	81201.3726	23734.5891	0	29.2	0	0	3
166	158	0	2.19022764	555165.562	593083.327	541613.766	764792.075	78669.014	23734.5891	0	30.1	0	0	3
167	159	0	2.20342178	694491.327	597106.421	542520.003	764792.075	78669.014	23734.5891	0	30.1	0	0	3
168	160	0	2.21661592	555898.871	591609.231	542520.003	758733.198	70996.7081	23734.5891	0	33.4	0	0	3
169	161	0	2.22981006	685036.321	595359.661	543276.412	758733.198	69216.6016	23734.5891	0	34.2	0	0	3
170	162	0	2.24300421	556311.574	590032.776	543276.412	758575.319	67927.0961	23734.5891	0	34.9	0	0	3
171	163	0	2.25619835	674970.291	593498.404	543733.179	758575.319	67927.0961	23734.5891	0	34.9	0	0	3
172	164	0	2.26939249	556165.303	588171.825	543733.179	703624.168	61225.395	23734.5891	0	38.7	0	0	3
173	165	0	2.28258663	673721.557	591592.572	544445.61	703624.168	61225.395	23734.5891	0	38.7	0	0	3
174	166	0	2.29578078	557480.135	591926.566	544445.61	703624.168	54586.9105	23734.5891	0	43.4	0	0	3
175	167	0	2.30897492	660653.459	594984.667	545256.519	703624.168	54586.9105	23734.5891	0	43.4	0	0	3
176	168	0	2.32216906	558207.301	595320.284	545256.519	703624.168	47997.0855	23734.5891	0	49.4	0	0	3
177	169	0	2.3353632	657972.546	598286.495	546070.509	703624.168	47997.0855	23734.5891	0	49.4	0	0	3
178	170	0	2.34855735	557964.377	598588.933	546070.509	703624.168	41534.6087	23734.5891	0	57.1	0	0	3
179	171	0	2.36175149	655450.583	601467.356	546704.518	703624.168	41534.6087	23734.5891	0	57.1	0	0	3
180	172	0	2.37494563	558867.796	601781.069	546704.518	703624.168	34910.8529	23734.5891	0	67.9	0	0	3
181	173	0	2.38813977	659243.292	604742.615	547481.922	703624.168	34910.8529	23734.5891	0	67.9	0	0	3
182	174	0	2.40133392	559189.424	605045.455	547481.922	703624.168	32050.7748	23734.5891	0	74	0	0	3
183	175	0	2.41452806	651802.899	607790.744	548294.712	703624.168	32050.7748	23734.5891	0	74	0	0	3
184	176	0	2.4277222	560137.736	604796.796	548294.712	703624.168	32050.7748	23734.5891	0	74	0	0	3
185	177	0	2.44091634	649511.097	607460.385	549131.521	703624.168	27703.383	23734.5891	0	85.6	0	0	3
186	178	0	2.45411048	560233.574	607752.544	549606.232	703624.168	27703.383	23734.5891	0	85.6	0	0	3
187	179	0	2.46730463	641284.186	607989.775	549606.232	703624.168	23395.4433	23734.5891	0	100	0	0	3
188	180	0	2.48049877	560940.489	608287.416	549606.232	703624.168	23693.084	23734.5891	0	100	0	0	3
189	181	0	2.49369291	639165.991	610644.252	550304.335	703624.168	26049.9197	23734.5891	0	91.1	0	0	3
190	182	0	2.50688705	561273.125	610925.345	550304.335	703624.168	26331.0128	23734.5891	0	90.1	0	0	3
191	183	0	2.5200812	640197.412	613290.952	551097.003	703624.168	28696.6201	23734.5891	0	82.7	0	0	3
192	184	0	2.53327534	562876.389	610195.168	551097.003	703624.168	28696.6201	23734.5891	0	82.7	0	0	3
193	185	0	2.54646948	631134.507	612301.419	552031.81	703624.168	28696.6201	23734.5891	0	82.7	0	0	3
194	186	0	2.55966362	562728.218	612582.903	552664.879	703624.168	28696.6201	23734.5891	0	82.7	0	0	3
195	187	0	2.57285777	643057.911	610989.054	552664.879	697042.084	28696.6201	23734.5891	0	82.7	0	0	3
196	188	0	2.58605191	563632.342	611277.672	553295.856	697042.084	28696.6201	23734.5891	0	82.7	0	0	3
197	189	0	2.59924605	631211.726	609545.294	553295.856	694491.327	28696.6201	23734.5891	0	82.7	0	0	3
198	190	0	2.61244019	563637.174	609817.434	553955.922	694491.327	28696.6201	23734.5891	0	82.7	0	0	3
199	191	0	2.62563434	629282.854	608255.162	553955.922	694491.327	28696.6201	23734.5891	0	82.7	0	0	3
200	192	0	2.63882848	564243.602	608525.891	554470.017	694491.327	25119.127	23734.5891	0	94.4	0	0	3
201	194	0	2.65202262	616136.213	606665.261	554470.017	694491.327	25119.127	23734.5891	0	94.4	0	0	3
202	195	0	2.66521676	564455.283	606928.031	555165.562	694491.327	25119.127	23734.5891	0	94.4	0	0	3
203	196	0	2.67841091	619533.542	605085.947	555165.562	694491.327	25119.127	23734.5891	0	94.4	0	0	3
204	197	0	2.69160505	564968.306	605343.914	555898.871	694491.327	25119.127	23734.5891	0	94.4	0	0	3
205	197	0	2.70479919	609680.621	603112.053	555898.871	685036.321	25119.127	23734.5891	0	94.4	0	0	3
206	198	0	2.71799333	565456.415	603363.568	556165.303	685036.321	25119.127	23734.5891	0	94.4	0	0	3
207	199	0	2.73118747	610085.765	601391.185	556165.303	674970.291	25119.127	23734.5891	0	94.4	0	0	3
208	200	0	2.74438162	565839.484	601641.919	556165.303	674970.291	25119.127	23734.5891	0	94.4	0	0	3
209	201	0	2.75757576	602415.143	599732.573	556165.303	673721.557	25119.127	23734.5891	0	94.4	0	0	3
210	202	0	2.7707699	566439.769	600002.954	557480.135	673721.557	21698.3802	23734.5891	0	100	0	0	3
211	203	0	2.78396404	567485.174	597207.259	557480.135	660653.459	21364.3863	23734.5891	0	100	0	0	3
212	204	0	2.79715819	566990.741	597457.539	557964.377	660653.459	18306.285	23734.5891	0	100	0	0	3
213	205	0	2.81035233	596158.359	595760.299	557964.377	659243.292	17970.6682	23734.5891	0	100	0	0	3
214	206	0	2.82354647	567502.659	596004.914	557964.377	659243.292	17530.6528	23734.5891	0	100	0	0	3
215	207	0	2.83674061	596738.299	594393.486	557964.377	659243.292	18897.4657	23734.5891	0	100	0	0	3
216	208	0	2.84993476	567823.729	594652.943	558867.796	659243.292	18897.4657	23734.5891	0	100	0	0	3
217	209	0	2.8631289	588751.503	592897.704	558867.796	659243.292	20393.248	23734.5891	0	100	0	0	3
218	210	0	2.87632304	568386.138	593148.187	559189.424	659243.292	20393.248	23734.5891	0	100	0	0	3
219	211	0	2.88951718	596581.124	591499.182	559189.424	651802.899	21791.7698	23734.5891	0	100	0	0	3
220	212	0	2.90271133	568842.843	591753.219	560137.736	651802.899	21791.7698	23734.5891	0	100	0	0	3
221	213	0	2.91590547	589354.039	590109.828	560137.736	649511.097	23181.1235	23734.5891	0	100	0	0	3
222	214	0	2.92909961	569239.807	590349.357	560233.574	649511.097	23181.1235	23734.5891	0	100	0	0	3
223	215	0	2.94229375	570506.695	588270.293	560233.574	643057.911	25020.6586	23734.5891	0	94.8	0	0	3
224	216	0	2.9554879	569583.122	588516.334	560940.489	643057.911	25020.6586	23734.5891	0	94.8	0	0	3
225	217	0	2.96868204	570803.77	586661.586	560940.489	643057.911	26629.3656	23734.5891	0	89.1	0	0	3
226	218	0	2.98187618	583499.086	587255.234	561273.125	643057.911	26629.3656	23734.5891	0	89.1	0	0	3
227	219	0	2.99507032	571186.89	585466.31	561273.125	643057.911	27824.6421	23734.5891	0	85.3	0	0	3
228	220	0	3.00826447	575280.478	585834.924	562728.218	643057.911	27824.6421	23734.5891	0	85.3	0	0	3
229	221	0	3.02145861	571506.695	584027.274	562728.218	643057.911	28555.629	23734.5891	0	83.1	0	0	3
230	222	0	3.03465275	570631.911	584231.367	562728.218	643057.911	28555.629	23734.5891	0	83.1	0	0	3
231	223	0	3.04784689	571885.345	582672.178	562728.218	643057.911	29910.7248	23734.5891	0	79.3	0	0	3
232	224	0	3.06104103	570989.148	582889.571	563632.342	643057.911	28605.4934	23734.5891	0	82.9	0	0	3
233	225	0	3.07423518	572197.325	581024.819	563632.342	631211.726	30252.8527	23734.5891	0	78.4	0	0	3
234	226	0	3.08742932	571292.682	581226.407	563637.174	631211.726	28792.6148	23734.5891	0	82.4	0	0	3
235	227	0	3.10062346	572490.65	579681.115	563637.174	629282.854	30136.3184	23734.5891	0	78.7	0	0	3
236	228	0	3.1138176	571598.937	579890.635	564243.602	629282.854	28844.7754	23734.5891	0	82.2	0	0	3
237	229	0	3.12701175	572769.205	578403.434	564243.602	619533.542	30122.4566	23734.5891	0	78.7	0	0	3
238	230	0	3.14020589	571889.963	578604.654	564455.283	619533.542	28524.5967	23734.5891	0	83.2	0	0	3
239	231	0	3.15340003	573077.792	577471.538	564455.283	619533.542	29456.4931	23734.5891	0	80.5	0	0	3
240	232	0	3.16659417	572117.705	577673.18	564968.306	619533.542	27872.3763	23734.5891	0	85.1	0	0	3
241	233	0	3.17978832	573230.354	576454.675	564968.306	610085.765	28889.2386	23734.5891	0	82.1	0	0	3
242	234	0	3.19298246	572380.757	576649.74	565456.415	610085.765	26908.8922	23734.5891	0	88.2	0	0	3
243	235	0	3.2061766	573603.196	575700.334	565456.415	610085.765	27663.2336	23734.5891	0	85.7	0	0	3
244	236	0	3.21937074	572737.208	575891.934	565839.484	610085.765	25941.5851	23734.5891	0	91.4	0	0	3
245	237	0	3.23256489	573947.53	574940.928	565839.484	602415.143	26700.9914	23734.5891	0	88.8	0	0	3
246	238	0	3.24575903	573146.256	575133.211	566439.769	602415.143	25062.0261	23734.5891	0	94.7	0	0	3
247	239	0	3.25895317	574425.255	574396.635	566439.769	596738.299	25606.3186	23734.5891	0	92.6	0	0	3
248	240	0	3.27214731	573506.461	574582.601	566990.741	596738.299	23060.9034	23734.5891	0	100	0	0	3
249	241	0	3.28534146	574745.209	574773.654	566990.741	596738.299	23060.9034	23734.5891	0	100	0	0	3
250	242	0	3.2985356	573793.09	574952.663	567502.659	596738.299	21608.2786	23734.5891	0	100	0	0	3
251	243	0	3.31172974	574943.836	574394.387	567502.659	596738.299	21610.5272	23734.5891	0	100	0	0	3
252	244	0	3.32492388	574040.157	574566.426	567823.729	596738.299	20258.5563	23734.5891	0	100	0	0	3
253	245	0	3.33811802	575327.846	574002.993	567823.729	596581.124	20649.9498	23734.5891	0	100	0	0	3
254	246	0	3.35131217	574368.438	574175.222	568386.138	596581.124	19145.1935	23734.5891	0	100	0	0	3
255	247	0	3.36450631	575506.591	573826.672	568386.138	596581.124	19321.5146	23734.5891	0	100	0	0	3
256	248	0	3.37770045	574694.81	573992.69	568842.843	596581.124	17926.5475	23734.5891	0	100	0	0	3
257	249	0	3.39089459	575898.154	573448.401	568842.843	589354.039	18304.8185	23734.5891	0	100	0	0	3
258	250	0	3.40408874	575166.315	573614.808	569239.807	589354.039	16900.9556	23734.5891	0	100	0	0	3
259	251	0	3.41728288	576181.137	573268.153	569239.807	583499.086	14259.2793	23734.5891	0	100	0	0	3
260	252	0	3.43047702	575446.241	573431.48	569583.122	583499.086	13915.9641	23734.5891	0	100	0	0	3
261	253	0	3.44367116	576576.09	573591.201	569583.122	583499.086	13915.9641	23734.5891	0	100	0	0	3
262	254	0	3.45686531	575792.659	573754.61	570631.911	583499.086	12867.1754	23734.5891	0	100	0	0	3
263	255	0	3.47005945	576904.784	573915.163	570631.911	583499.086	12867.1754	23734.5891	0	100	0	0	3
264	256	0	3.48325359	576055.831	573719.288	570631.911	576904.784	6272.87344	23734.5891	0	100	0	0	3
265	257	0	3.49644773	577121.161	573875.453	570631.911	577121.161	6489.2508	23734.5891	0	100	0	0	3
266	258	0	3.50964188	576287.771	573901.96	570631.911	577121.161	6489.2508	23734.5891	0	100	0	0	3
267	259	0	3.52283602	577417.344	574057.504	570631.911	577417.344	6785.43314	23734.5891	0	100	0	0	3
268	259	0	3.53603016	576452.314	574210.672	570989.148	577417.344	6428.19579	23734.5891	0	100	0	0	3
269	260	0	3.5492243	577572.64	574360.338	570989.148	577572.64	6583.49224	23734.5891	0	100	0	0	3
270	261	0	3.56241845	576627.908	574508.726	571292.682	577572.64	6279.9581	23734.5891	0	100	0	0	3
271	262	0	3.57561259	578017.833	574661.898	571292.682	578017.833	6725.15077	23734.5891	0	100	0	0	3
272	263	0	3.58880673	577073.676	574814.029	571598.937	578017.833	6418.89605	23734.5891	0	100	0	0	3
273	264	0	3.60200087	578268.554	574966.079	571598.937	578268.554	6622.48255	23734.5891	0	100	0	0	3
274	265	0	3.61519501	577292.629	575115.913	571889.963	578268.554	5336.50128	23734.5891	0	100	0	0	3
275	266	0	3.62838916	578517.829	575267.193	571889.963	578517.829	5336.50128	23734.5891	0	100	0	0	3
276	267	0	3.6415833	577090.688	575404.054	572117.705	578517.829	4405.0276	23734.5891	0	100	0	0	3
277	268	0	3.65477744	578476.854	575546.135	572117.705	578517.829	4405.0276	23734.5891	0	100	0	0	3
278	269	0	3.66797158	577485.823	575687.401	572380.757	578517.829	3381.58715	23734.5891	0	100	0	0	3
279	270	0	3.68116573	578689.501	575831.063	572380.757	578689.501	3381.58715	23734.5891	0	100	0	0	3
280	271	0	3.69435987	577843.195	575974.811	572737.208	578689.501	2706.65817	23734.5891	0	100	0	0	3
281	272	0	3.70755401	579221.61	576122.664	572737.208	579221.61	2854.51116	23734.5891	0	100	0	0	3
282	273	0	3.72074815	577839.734	576256.941	573146.256	579221.61	2988.78814	23734.5891	0	100	0	0	3
283	274	0	3.7339423	579213.306	576395.514	573146.256	579221.61	3127.36117	23734.5891	0	100	0	0	3
284	275	0	3.74713644	578317.688	576531.604	573506.461	579221.61	3263.45148	23734.5891	0	100	0	0	3
285	276	0	3.76033058	579397.605	576662.456	573506.461	579397.605	3394.30279	23734.5891	0	100	0	0	3
286	277	0	3.77352472	578054.041	576782.129	573793.09	579397.605	3513.97595	23734.5891	0	100	0	0	3
287	278	0	3.78671887	580153.046	576924.44	573793.09	580153.046	3656.28746	23734.5891	0	100	0	0	3
288	279	0	3.79991301	578777.361	577055.605	574040.157	580153.046	3787.45248	23734.5891	0	100	0	0	3
289	280	0	3.81310715	579876.424	577185.41	574040.157	580153.046	3917.25742	23734.5891	0	100	0	0	3
290	281	0	3.82630129	579028.359	577316.679	574368.438	580153.046	4048.52589	23734.5891	0	100	0	0	3
291	282	0	3.83949544	580799.867	577460.679	574368.438	580799.867	4192.52645	23734.5891	0	100	0	0	3
292	283	0	3.85268958	579389.246	577592.806	574694.81	580799.867	4324.65295	23734.5891	0	100	0	0	3
293	284	0	3.86588372	580743.253	577730.613	574694.81	580799.867	4462.45983	23734.5891	0	100	0	0	3
294	285	0	3.87907786	579384.698	577854.031	575166.315	580799.867	4585.87792	23734.5891	0	100	0	0	3
295	286	0	3.89227201	581144.714	577992.098	575166.315	581144.714	4723.9453	23734.5891	0	100	0	0	3
296	287	0	3.90546615	579982.654	578118.844	575446.241	581144.714	4850.69106	23734.5891	0	100	0	0	3
297	288	0	3.91866029	581276.006	578252.919	575446.241	581276.006	4821.43935	23734.5891	0	100	0	0	3
298	289	0	3.93185443	579994.44	578372.609	575792.659	581276.006	4781.40787	23734.5891	0	100	0	0	3
299	290	0	3.94504857	581618.477	578505.303	575792.659	581618.477	4786.01552	23734.5891	0	100	0	0	3
300	291	0	3.95824272	580387.812	578626.228	576055.831	581618.477	4906.94058	23734.5891	0	100	0	0	3
301	292	0	3.97143686	581573.722	578749.095	576055.831	581618.477	5029.80738	23734.5891	0	100	0	0	3
302	293	0	3.984631	579984.528	578852.482	576287.771	581618.477	4977.02909	23734.5891	0	100	0	0	3
303	294	0	3.99782514	581946.235	578979.457	576287.771	581946.235	5077.49701	23734.5891	0	100	0	0	3
304	295	0	4.01101929	580649.087	579094.229	576452.314	581946.235	5036.72512	23734.5891	0	100	0	0	3
