Iteration	CPUTime	PhysTime	Travels	Value	AvValue	MinValue	MaxValue	Delta	Criteria	PrevAvRefValue	Progress	CriteriaType	CriteriaVarType	CriteriaPercentage
1	4	0	0.0133457773	6.00284413e-06	6.00284413e-06	6.00284413e-06	6.00284413e-06	0	0	0	0	0	0	3
2	5	0	0.0266915546	6.30427437e-07	3.31663578e-06	6.30427437e-07	6.00284413e-06	2.68620835e-06	0	0	0	0	0	3
3	5	0	0.0400373319	-4.75435509e-07	2.05261202e-06	-4.75435509e-07	6.00284413e-06	3.95023211e-06	0	0	0	0	0	3
4	6	0	0.0533831093	-2.83148096e-07	1.46867199e-06	-4.75435509e-07	6.00284413e-06	4.53417214e-06	0	0	0	0	0	3
5	7	0	0.0667288866	-4.50511903e-08	1.16592735e-06	-4.75435509e-07	6.00284413e-06	4.83691678e-06	0	0	0	0	0	3
6	7	0	0.0800746639	3.46941847e-08	9.77388493e-07	-4.75435509e-07	6.00284413e-06	5.02545564e-06	0	0	0	0	0	3
7	8	0	0.0934204412	-7.9443145e-08	8.26412545e-07	-4.75435509e-07	6.00284413e-06	5.17643159e-06	0	0	0	0	0	3
8	9	0	0.106766219	1.94287208e-07	7.47396877e-07	-4.75435509e-07	6.00284413e-06	5.25544725e-06	0	0	0	0	0	3
9	10	0	0.120111996	-1.1597686e-07	6.51466462e-07	-4.75435509e-07	6.00284413e-06	5.35137767e-06	0	0	0	0	0	3
10	11	0	0.133457773	3.26730289e-07	6.18992845e-07	-4.75435509e-07	6.00284413e-06	5.38385129e-06	0	0	0	0	0	3
11	11	0	0.14680355	-1.34246811e-07	5.50516513e-07	-4.75435509e-07	6.00284413e-06	5.45232762e-06	0	0	0	0	0	3
12	12	0	0.160149328	3.05399384e-07	5.30090085e-07	-4.75435509e-07	6.00284413e-06	5.47275404e-06	0	0	0	0	0	3
13	13	0	0.173495105	-1.86780319e-07	4.74946208e-07	-4.75435509e-07	6.00284413e-06	5.52789792e-06	0	0	0	0	0	3
14	14	0	0.186840882	2.72167706e-07	4.60462029e-07	-4.75435509e-07	6.00284413e-06	5.5423821e-06	0	0	0	0	0	3
15	15	0	0.20018666	-1.66972229e-07	4.18633079e-07	-4.75435509e-07	6.00284413e-06	5.58421105e-06	0	0	0	0	0	3
16	15	0	0.213532437	1.54846402e-07	4.02146411e-07	-4.75435509e-07	6.00284413e-06	5.60069772e-06	0	0	0	0	0	3
17	16	0	0.226878214	-2.4069641e-07	3.64332128e-07	-4.75435509e-07	6.00284413e-06	5.638512e-06	0	0	0	0	0	3
18	17	0	0.240223992	1.30638675e-07	3.51349158e-07	-4.75435509e-07	6.00284413e-06	5.65149497e-06	0	0	0	0	0	3
19	18	0	0.253569769	-3.29408782e-08	3.31123367e-07	-4.75435509e-07	6.00284413e-06	5.67172076e-06	0	0	0	0	0	3
20	18	0	0.266915546	1.89286693e-07	3.24031533e-07	-4.75435509e-07	6.00284413e-06	5.6788126e-06	0	0	0	0	0	3
21	19	0	0.280261324	-5.33353083e-08	3.06061684e-07	-4.75435509e-07	6.00284413e-06	5.69678245e-06	0	0	0	0	0	3
22	20	0	0.293607101	3.7876183e-08	2.93871433e-07	-4.75435509e-07	6.00284413e-06	5.7089727e-06	0	0	0	0	0	3
23	21	0	0.306952878	-2.84276288e-08	2.79858431e-07	-4.75435509e-07	6.00284413e-06	5.7229857e-06	0	0	0	0	0	3
24	22	0	0.320298656	1.86826178e-08	2.68976105e-07	-4.75435509e-07	6.00284413e-06	5.73386802e-06	0	0	0	0	0	3
25	22	0	0.333644433	5.87562428e-08	2.60567311e-07	-4.75435509e-07	6.00284413e-06	5.74227682e-06	0	0	0	0	0	3
26	23	0	0.34699021	-1.43704086e-08	2.49992783e-07	-4.75435509e-07	6.00284413e-06	5.75285135e-06	0	0	0	0	0	3
27	24	0	0.360335987	8.12294269e-08	2.43742288e-07	-4.75435509e-07	6.00284413e-06	5.75910184e-06	0	0	0	0	0	3
28	25	0	0.373681765	-4.61982181e-08	2.3338727e-07	-4.75435509e-07	6.00284413e-06	5.76945686e-06	0	0	0	0	0	3
29	25	0	0.387027542	2.61640422e-08	2.26241642e-07	-4.75435509e-07	6.00284413e-06	5.77660249e-06	0	0	0	0	0	3
30	26	0	0.400373319	-5.3260037e-08	2.16924919e-07	-4.75435509e-07	6.00284413e-06	5.78591921e-06	0	0	0	0	0	3
31	27	0	0.413719097	1.19876782e-08	2.1031404e-07	-4.75435509e-07	6.00284413e-06	5.79253009e-06	0	0	0	0	0	3
32	28	0	0.427064874	8.14924824e-08	2.06288367e-07	-4.75435509e-07	6.00284413e-06	5.79655576e-06	0	0	0	0	0	3
33	29	0	0.440410651	-5.15594928e-08	1.98474795e-07	-4.75435509e-07	6.00284413e-06	5.80436933e-06	0	0	0	0	0	3
34	29	0	0.453756429	-3.39739038e-08	1.91638069e-07	-4.75435509e-07	6.00284413e-06	5.81120606e-06	0	0	0	0	0	3
35	30	0	0.467102206	1.00358892e-07	1.89030092e-07	-4.75435509e-07	6.00284413e-06	5.81381404e-06	0	0	0	0	0	3
36	31	0	0.480447983	-1.64620376e-07	1.79206468e-07	-4.75435509e-07	6.00284413e-06	5.82363766e-06	0	0	0	0	0	3
37	32	0	0.493793761	-7.54741107e-09	1.74159066e-07	-4.75435509e-07	6.00284413e-06	5.82868506e-06	0	0	0	0	0	3
38	33	0	0.507139538	-9.01062015e-09	1.69338811e-07	-4.75435509e-07	6.00284413e-06	5.83350532e-06	0	0	0	0	0	3
39	34	0	0.520485315	-2.52300155e-08	1.0705281e-08	-4.75435509e-07	6.30427437e-07	1.10586295e-06	0	0	0	0	0	3
40	35	0	0.533831093	-3.05598371e-08	-6.68912096e-09	-4.75435509e-07	3.26730289e-07	8.02165798e-07	0	0	0	0	0	3
41	35	0	0.54717687	3.65476471e-09	5.91851781e-09	-2.83148096e-07	3.26730289e-07	6.09878385e-07	0	0	0	0	0	3
42	36	0	0.560522647	-1.03270448e-07	1.06521401e-08	-2.4069641e-07	3.26730289e-07	5.67426699e-07	0	0	0	0	0	3
43	37	0	0.573868425	-4.99099176e-10	1.18245636e-08	-2.4069641e-07	3.26730289e-07	5.67426699e-07	0	0	0	0	0	3
44	38	0	0.587214202	4.33927709e-09	1.10257502e-08	-2.4069641e-07	3.26730289e-07	5.67426699e-07	0	0	0	0	0	3
45	39	0	0.600559979	6.86390762e-08	1.49226508e-08	-2.4069641e-07	3.26730289e-07	5.67426699e-07	0	0	0	0	0	3
46	40	0	0.613905756	2.91765853e-07	1.74878783e-08	-2.4069641e-07	3.26730289e-07	5.67426699e-07	0	0	0	0	0	3
47	40	0	0.627251534	2.691369e-08	2.12481559e-08	-2.4069641e-07	3.26730289e-07	5.67426699e-07	0	0	0	0	0	3
48	41	0	0.640597311	2.72606211e-07	1.98238381e-08	-2.4069641e-07	3.05399384e-07	5.46095794e-07	0	0	0	0	0	3
49	42	0	0.653943088	1.88163548e-07	2.83083212e-08	-2.4069641e-07	3.05399384e-07	5.36779206e-07	0	0	0	0	0	3
50	43	0	0.667288866	1.17012479e-07	2.33507711e-08	-2.4069641e-07	2.91765853e-07	4.81635329e-07	0	0	0	0	0	3
51	43	0	0.680634643	3.952779e-08	2.93062476e-08	-2.4069641e-07	2.91765853e-07	4.6715115e-07	0	0	0	0	0	3
52	44	0	0.69398042	1.25639799e-07	2.54502501e-08	-2.4069641e-07	2.91765853e-07	4.253222e-07	0	0	0	0	0	3
53	45	0	0.707326198	-2.45836611e-08	2.91973177e-08	-2.4069641e-07	2.91765853e-07	4.08835532e-07	0	0	0	0	0	3
54	46	0	0.720671975	7.11439908e-08	2.69946226e-08	-2.4069641e-07	2.91765853e-07	3.71021249e-07	0	0	0	0	0	3
55	47	0	0.734017752	5.92811546e-08	3.4888769e-08	-1.64620376e-07	2.91765853e-07	3.58038279e-07	0	0	0	0	0	3
56	47	0	0.74736353	1.30665958e-07	3.4889487e-08	-1.64620376e-07	2.91765853e-07	3.37812488e-07	0	0	0	0	0	3
57	48	0	0.760709307	-2.23981299e-08	3.51669278e-08	-1.64620376e-07	2.91765853e-07	3.30720654e-07	0	0	0	0	0	3
58	49	0	0.774055084	1.4605964e-07	3.40293737e-08	-1.64620376e-07	2.91765853e-07	3.12750804e-07	0	0	0	0	0	3
59	50	0	0.787400862	1.15422248e-08	3.57366773e-08	-1.64620376e-07	2.91765853e-07	3.00560554e-07	0	0	0	0	0	3
60	51	0	0.800746639	1.27600505e-07	3.80978436e-08	-1.64620376e-07	2.91765853e-07	2.86547552e-07	0	0	0	0	0	3
61	51	0	0.814092416	1.29482404e-07	4.22533708e-08	-1.64620376e-07	2.91765853e-07	2.75665226e-07	0	0	0	0	0	3
62	52	0	0.827438193	1.67906536e-08	4.22035823e-08	-1.64620376e-07	2.91765853e-07	2.67256432e-07	0	0	0	0	0	3
63	53	0	0.840783971	-1.8799181e-07	3.57102125e-08	-1.8799181e-07	2.91765853e-07	2.56681904e-07	0	0	0	0	0	3
64	54	0	0.854129748	1.08967758e-07	3.89559537e-08	-1.8799181e-07	2.91765853e-07	2.50431409e-07	0	0	0	0	0	3
65	55	0	0.867475525	2.63230025e-08	3.75110478e-08	-1.8799181e-07	2.91765853e-07	2.40076391e-07	0	0	0	0	0	3
66	55	0	0.880821303	-1.45158486e-07	3.49068302e-08	-1.8799181e-07	2.91765853e-07	2.32930763e-07	0	0	0	0	0	3
67	56	0	0.89416708	3.11002525e-07	4.24025797e-08	-1.8799181e-07	3.11002525e-07	2.2361404e-07	0	0	0	0	0	3
68	57	0	0.907512857	1.74465682e-07	4.83953618e-08	-1.8799181e-07	3.11002525e-07	2.17003161e-07	0	0	0	0	0	3
69	58	0	0.920858635	2.66078292e-07	5.50819569e-08	-1.8799181e-07	3.11002525e-07	2.12977488e-07	0	0	0	0	0	3
70	59	0	0.934204412	-4.54562479e-08	5.17412009e-08	-1.8799181e-07	3.11002525e-07	2.05163916e-07	0	0	0	0	0	3
71	59	0	0.947550189	3.90990754e-08	5.41269527e-08	-1.8799181e-07	3.11002525e-07	1.9832719e-07	0	0	0	0	0	3
72	60	0	0.960895967	4.00799094e-07	6.55683473e-08	-1.8799181e-07	4.00799094e-07	1.95719213e-07	0	0	0	0	0	3
73	61	0	0.974241744	-1.6854314e-07	5.84919781e-08	-1.8799181e-07	4.00799094e-07	1.85895589e-07	0	0	0	0	0	3
74	62	0	0.987587521	1.31842158e-07	6.62936237e-08	-1.8799181e-07	4.00799094e-07	1.80848187e-07	0	0	0	0	0	3
75	63	0	1.0009333	6.09107302e-07	8.25213793e-08	-1.8799181e-07	6.09107302e-07	1.76027932e-07	0.000152782487	0	0	0	0	3
76	63	0	1.01427908	7.02048726e-08	8.46059975e-08	-1.8799181e-07	6.09107302e-07	9.12951185e-08	0.000152782356	0	0	0	0	3
77	64	0	1.02762485	3.07705388e-07	9.33674555e-08	-1.8799181e-07	6.09107302e-07	1.00056576e-07	0.000152782688	0	0	0	0	3
78	65	0	1.04097063	1.31022016e-07	9.76196095e-08	-1.8799181e-07	6.09107302e-07	9.17010917e-08	0.000152782525	0	0	0	0	3
79	66	0	1.05431641	1.84721587e-07	1.02384526e-07	-1.8799181e-07	6.09107302e-07	9.17323858e-08	0.000152782644	0	0	0	0	3
80	67	0	1.06766219	3.02544125e-07	1.13063857e-07	-1.8799181e-07	6.09107302e-07	1.02038107e-07	0.000152788282	0	0	0	0	3
81	67	0	1.08100796	1.96299722e-07	1.18242773e-07	-1.8799181e-07	6.09107302e-07	1.07217023e-07	0.000152782539	0	0	0	0	3
82	68	0	1.09435374	3.63887821e-07	1.27704577e-07	-1.8799181e-07	6.09107302e-07	1.12781926e-07	0.000152782556	0	0	0	0	3
83	69	0	1.10769952	-5.11587918e-08	1.24552001e-07	-1.8799181e-07	6.09107302e-07	1.10216699e-07	0.000152782764	0	0	0	0	3
84	70	0	1.12104529	2.31217378e-07	1.22958621e-07	-1.8799181e-07	6.09107302e-07	1.07880739e-07	0.000152782645	0	0	0	0	3
85	71	0	1.13439107	-1.25422911e-07	1.18949763e-07	-1.8799181e-07	6.09107302e-07	1.07880739e-07	0.000152794099	0	0	0	0	3
86	71	0	1.14773685	1.82471969e-08	1.12256104e-07	-1.8799181e-07	6.09107302e-07	1.04353806e-07	0.000152796917	0	0	0	0	3
87	72	0	1.16108263	-4.91300663e-08	1.06011536e-07	-1.8799181e-07	6.09107302e-07	1.04353806e-07	0.000152798418	0	0	0	0	3
88	73	0	1.1744284	-6.73988652e-09	1.02754894e-07	-1.8799181e-07	6.09107302e-07	1.02254327e-07	0.000152783172	0	0	0	0	3
89	74	0	1.18777418	7.31332863e-08	1.0363925e-07	-1.8799181e-07	6.09107302e-07	1.02254327e-07	0.000152782587	0	0	0	0	3
90	75	0	1.20111996	1.84772225e-07	1.05195366e-07	-1.8799181e-07	6.09107302e-07	1.00709954e-07	0.000152782436	0	0	0	0	3
91	76	0	1.21446574	1.82289805e-07	1.10639405e-07	-1.8799181e-07	6.09107302e-07	1.00709954e-07	0.000152782569	0	0	0	0	3
92	76	0	1.22781151	1.19266786e-07	1.11905794e-07	-1.8799181e-07	6.09107302e-07	9.36752032e-08	0.000152782397	0	0	0	0	3
93	77	0	1.24115729	5.13945817e-08	1.11698253e-07	-1.8799181e-07	6.09107302e-07	9.36752032e-08	0.000152782598	0	0	0	0	3
94	78	0	1.25450307	-6.05528937e-09	1.08100325e-07	-1.8799181e-07	6.09107302e-07	9.36752032e-08	0.00015278807	0	0	0	0	3
95	79	0	1.26784884	2.69466824e-07	1.15780982e-07	-1.8799181e-07	6.09107302e-07	9.36752032e-08	0.000152790412	0	0	0	0	3
96	80	0	1.28119462	-1.04188382e-07	1.09195507e-07	-1.8799181e-07	6.09107302e-07	9.27977467e-08	0.000152790947	0	0	0	0	3
97	80	0	1.2945404	2.79788766e-07	1.16254627e-07	-1.8799181e-07	6.09107302e-07	9.27977467e-08	0.000152791189	0	0	0	0	3
98	81	0	1.30788618	-6.35026816e-08	1.11225596e-07	-1.8799181e-07	6.09107302e-07	9.27977467e-08	0.000152782711	0	0	0	0	3
99	82	0	1.32123195	2.82183695e-07	1.15244051e-07	-1.8799181e-07	6.09107302e-07	9.27977467e-08	0.000152782537	0	0	0	0	3
100	83	0	1.33457773	8.38120594e-08	1.17007772e-07	-1.8799181e-07	6.09107302e-07	9.27977467e-08	0.00015278235	0	0	0	0	3
101	84	0	1.34792351	2.33128349e-07	1.28089881e-07	-1.6854314e-07	6.09107302e-07	9.31830511e-08	0.000152793133	0	0	0	0	3
102	85	0	1.36126929	2.03735088e-07	1.30583758e-07	-1.6854314e-07	6.09107302e-07	9.56769282e-08	0.000152782885	0	0	0	0	3
103	86	0	1.37461506	1.23120865e-08	1.3021505e-07	-1.6854314e-07	6.09107302e-07	9.56769282e-08	0.000152782355	0	0	0	0	3
104	87	0	1.38796084	-3.84431664e-07	1.23918388e-07	-3.84431664e-07	6.09107302e-07	8.81811787e-08	0.000152781923	0	0	0	0	3
105	88	0	1.40130662	-1.60511751e-07	1.11510117e-07	-3.84431664e-07	6.09107302e-07	8.21883966e-08	0.000152782052	0	0	0	0	3
106	88	0	1.4146524	-1.46198627e-07	1.03071583e-07	-3.84431664e-07	6.09107302e-07	7.88425575e-08	0.000152781789	0	0	0	0	3
107	89	0	1.42799817	-7.76959878e-08	9.40248911e-08	-3.84431664e-07	6.09107302e-07	7.88425575e-08	0.000152787578	0	0	0	0	3
108	90	0	1.44134395	-9.00160713e-08	9.28522641e-08	-3.84431664e-07	6.09107302e-07	7.64568057e-08	0.000152788911	0	0	0	0	3
109	91	0	1.45468973	-1.15102857e-07	8.87943186e-08	-3.84431664e-07	6.09107302e-07	7.20917803e-08	0.000152789348	0	0	0	0	3
110	91	0	1.4680355	1.8639827e-07	8.31521916e-08	-3.84431664e-07	6.09107302e-07	7.20917803e-08	0.000152790814	0	0	0	0	3
111	92	0	1.48138128	-1.58668976e-09	8.75457824e-08	-3.84431664e-07	6.09107302e-07	6.42901347e-08	0.00015278944	0	0	0	0	3
112	93	0	1.49472706	5.34422318e-07	9.81399971e-08	-3.84431664e-07	6.09107302e-07	4.80623791e-08	0.000152789279	0	0	0	0	3
113	94	0	1.50807284	-2.45277481e-07	7.56561871e-08	-3.84431664e-07	5.34422318e-07	5.49275713e-08	0.000152789544	0	0	0	0	3
114	95	0	1.52141861	-6.64503708e-08	7.20599964e-08	-3.84431664e-07	5.34422318e-07	5.8523762e-08	0.000152782708	0	0	0	0	3
115	96	0	1.53476439	-2.81920913e-07	5.65435149e-08	-3.84431664e-07	5.34422318e-07	7.40402435e-08	0.000153601287	0	0	0	0	3
116	97	0	1.54811017	-1.79646174e-07	4.83680362e-08	-3.84431664e-07	5.34422318e-07	8.22157222e-08	0.000153612144	0	0	0	0	3
117	97	0	1.56145595	8.96374845e-08	4.5865823e-08	-3.84431664e-07	5.34422318e-07	8.47179354e-08	0.00015361536	0	0	0	0	3
118	98	0	1.57480172	2.92107196e-08	3.86728386e-08	-3.84431664e-07	5.34422318e-07	9.19109198e-08	0.000153617302	0	0	0	0	3
119	99	0	1.5881475	2.6848846e-08	3.4213605e-08	-3.84431664e-07	5.34422318e-07	9.63701534e-08	0.000153606782	0	0	0	0	3
120	100	0	1.60149328	3.15888373e-08	2.54688949e-08	-3.84431664e-07	5.34422318e-07	1.05114863e-07	0.000153601574	0	0	0	0	3
121	101	0	1.61483906	5.96169185e-08	2.83840452e-08	-3.84431664e-07	5.34422318e-07	1.05114863e-07	0.000153601235	0	0	0	0	3
122	102	0	1.62818483	3.86592344e-08	2.33167256e-08	-3.84431664e-07	5.34422318e-07	1.07267033e-07	0.000153601426	0	0	0	0	3
123	102	0	1.64153061	3.54597594e-07	3.59488442e-08	-3.84431664e-07	5.34422318e-07	1.07267033e-07	0.000153601326	0	0	0	0	3
124	103	0	1.65487639	2.48853221e-07	4.20174238e-08	-3.84431664e-07	5.34422318e-07	1.07267033e-07	0.000153613224	0	0	0	0	3
125	104	0	1.66822216	2.59930327e-07	5.0150592e-08	-3.84431664e-07	5.34422318e-07	1.07267033e-07	0.000153621354	0	0	0	0	3
126	105	0	1.68156794	8.6253621e-08	5.25977896e-08	-3.84431664e-07	5.34422318e-07	1.07267033e-07	0.000153623982	0	0	0	0	3
127	106	0	1.69491372	2.56574035e-07	5.74251777e-08	-3.84431664e-07	5.34422318e-07	1.07267033e-07	0.000153609335	0	0	0	0	3
128	107	0	1.7082595	2.37082341e-07	5.88017597e-08	-3.84431664e-07	5.34422318e-07	1.07267033e-07	0.000153601319	0	0	0	0	3
129	107	0	1.72160527	2.05587861e-07	5.94148664e-08	-3.84431664e-07	5.34422318e-07	1.07267033e-07	0.000153600979	0	0	0	0	3
130	108	0	1.73495105	3.25972842e-07	6.48544995e-08	-3.84431664e-07	5.34422318e-07	1.07267033e-07	0.000153601235	0	0	0	0	3
131	109	0	1.74829683	-1.72554369e-07	5.8961106e-08	-3.84431664e-07	5.34422318e-07	1.07267033e-07	0.000153601179	0	0	0	0	3
132	110	0	1.76164261	2.27182967e-07	6.50989549e-08	-3.84431664e-07	5.34422318e-07	1.07267033e-07	0.000153601371	0	0	0	0	3
133	111	0	1.77498838	5.87955835e-07	7.34802446e-08	-3.84431664e-07	5.87955835e-07	1.07267033e-07	0.000153601255	0	0	0	0	3
134	111	0	1.78833416	-3.84119643e-07	6.61136325e-08	-3.84431664e-07	5.87955835e-07	1.07267033e-07	0.000153612986	0	0	0	0	3
135	112	0	1.80167994	-3.84399893e-07	4.86349836e-08	-3.84431664e-07	5.87955835e-07	1.07267033e-07	0.000153620946	0	0	0	0	3
136	113	0	1.81502571	-3.42798827e-07	4.1285085e-08	-3.84431664e-07	5.87955835e-07	1.07267033e-07	0.000153623758	0	0	0	0	3
137	114	0	1.82837149	-2.53749371e-07	2.71815833e-08	-3.84431664e-07	5.87955835e-07	1.07267033e-07	0.000153609406	0	0	0	0	3
138	115	0	1.84171727	3.41113502e-07	3.39526739e-08	-3.84431664e-07	5.87955835e-07	1.07267033e-07	0.000153601553	0	0	0	0	3
139	115	0	1.85506305	-3.27346112e-08	2.69562802e-08	-3.84431664e-07	5.87955835e-07	1.07267033e-07	0.000152781486	0	0	0	0	3
140	116	0	1.86840882	-1.20488746e-07	1.84240741e-08	-3.84431664e-07	5.87955835e-07	1.11790976e-07	0.000152785253	0	0	0	0	3
141	117	0	1.8817546	3.32035518e-07	2.68378486e-08	-3.84431664e-07	5.87955835e-07	1.05494313e-07	0.000152782513	0	0	0	0	3
142	118	0	1.89510038	-6.33038425e-07	2.02955654e-08	-6.33038425e-07	5.87955835e-07	9.3086043e-08	0.000152782008	0	0	0	0	3
143	119	0	1.90844616	1.55362469e-07	2.86080449e-08	-6.33038425e-07	5.87955835e-07	8.46475086e-08	0.000153606965	0	0	0	0	3
144	119	0	1.92179193	-6.04418794e-07	1.65496194e-08	-6.33038425e-07	5.87955835e-07	8.15903777e-08	0.000153620967	0	0	0	0	3
145	120	0	1.93513771	3.03702007e-07	2.65864087e-08	-6.33038425e-07	5.87955835e-07	8.15903777e-08	0.000153623552	0	0	0	0	3
146	121	0	1.94848349	-9.57442895e-08	2.64356662e-08	-6.33038425e-07	5.87955835e-07	8.15903777e-08	0.000153624907	0	0	0	0	3
147	122	0	1.96182927	4.15114747e-07	4.0388761e-08	-6.33038425e-07	5.87955835e-07	8.15903777e-08	0.000153609648	0	0	0	0	3
148	123	0	1.97517504	3.88506546e-08	3.6505929e-08	-6.33038425e-07	5.87955835e-07	8.15903777e-08	0.000152781777	0	0	0	0	3
149	123	0	1.98852082	2.4548822e-07	4.30079003e-08	-6.33038425e-07	5.87955835e-07	8.15903777e-08	0.000152781627	0	0	0	0	3
150	124	0	2.0018666	9.49997929e-08	3.14441497e-08	-6.33038425e-07	5.87955835e-07	5.91065676e-08	0.000152781629	0	0	0	0	3
151	125	0	2.01521237	2.30646367e-07	4.39684615e-08	-6.33038425e-07	5.87955835e-07	5.69306252e-08	0.0001527814	0	0	0	0	3
152	126	0	2.02855815	2.65764211e-07	5.27109505e-08	-6.33038425e-07	5.87955835e-07	5.69306252e-08	0.000153601234	0	0	0	0	3
153	127	0	2.04190393	5.67246742e-07	7.50574677e-08	-6.33038425e-07	5.87955835e-07	5.85078482e-08	0.000153601067	0	0	0	0	3
154	128	0	2.05524971	1.13373061e-07	8.27685002e-08	-6.33038425e-07	5.87955835e-07	6.62188807e-08	0.000153612171	0	0	0	0	3
155	128	0	2.06859548	2.51799847e-07	8.70359307e-08	-6.33038425e-07	5.87955835e-07	7.04863113e-08	0.000152782138	0	0	0	0	3
156	129	0	2.08194126	-1.05142471e-07	8.35003205e-08	-6.33038425e-07	5.87955835e-07	7.04863113e-08	0.000152782099	0	0	0	0	3
157	130	0	2.09528704	-3.79551725e-07	7.28055686e-08	-6.33038425e-07	5.87955835e-07	7.04863113e-08	0.000152781954	0	0	0	0	3
158	131	0	2.10863282	4.47951518e-07	8.37624813e-08	-6.33038425e-07	5.87955835e-07	7.04863113e-08	0.000152781816	0	0	0	0	3
159	132	0	2.12197859	-9.73623502e-08	7.96314479e-08	-6.33038425e-07	5.87955835e-07	7.04863113e-08	0.00015278637	0	0	0	0	3
160	133	0	2.13532437	4.02010865e-07	8.91933329e-08	-6.33038425e-07	5.87955835e-07	7.26437135e-08	0.000153608342	0	0	0	0	3
161	133	0	2.14867015	2.06663168e-08	8.04056677e-08	-6.33038425e-07	5.87955835e-07	7.26437135e-08	0.000152789196	0	0	0	0	3
162	134	0	2.16201592	1.83611655e-07	7.86887844e-08	-6.33038425e-07	5.87955835e-07	7.26437135e-08	0.000152789115	0	0	0	0	3
163	135	0	2.1753617	2.33825302e-07	7.800181e-08	-6.33038425e-07	5.87955835e-07	7.26437135e-08	0.000153608443	0	0	0	0	3
164	136	0	2.18870748	-2.4821465e-07	6.92000134e-08	-6.33038425e-07	5.87955835e-07	7.26437135e-08	0.000153608317	0	0	0	0	3
165	137	0	2.20205326	5.40749743e-07	7.66783216e-08	-6.33038425e-07	5.87955835e-07	7.26437135e-08	0.000152781599	0	0	0	0	3
166	137	0	2.21539903	-2.27941585e-07	6.44408498e-08	-6.33038425e-07	5.87955835e-07	7.26437135e-08	0.000152781541	0	0	0	0	3
167	138	0	2.22874481	2.03466446e-07	6.43850231e-08	-6.33038425e-07	5.87955835e-07	7.26437135e-08	0.000152781461	0	0	0	0	3
168	139	0	2.24209059	-4.99353502e-07	4.26659088e-08	-6.33038425e-07	5.87955835e-07	7.26437135e-08	0.000152781422	0	0	0	0	3
169	140	0	2.25543637	4.74342295e-08	4.84550824e-08	-6.33038425e-07	5.87955835e-07	7.26437135e-08	0.000153606059	0	0	0	0	3
170	141	0	2.26878214	-3.31791909e-07	3.37452173e-08	-6.33038425e-07	5.87955835e-07	7.26437135e-08	0.000153608077	0	0	0	0	3
171	142	0	2.28212792	2.48141923e-07	2.48027459e-08	-6.33038425e-07	5.67246742e-07	7.26437135e-08	0.000152789169	0	0	0	0	3
172	143	0	2.2954737	-1.39016319e-07	3.12528334e-08	-6.33038425e-07	5.67246742e-07	7.26437135e-08	0.000152789686	0	0	0	0	3
173	143	0	2.30881948	3.10699304e-08	4.21862498e-08	-6.33038425e-07	5.67246742e-07	7.26437135e-08	0.000152789631	0	0	0	0	3
174	144	0	2.32216525	-3.18675126e-07	4.28210841e-08	-6.33038425e-07	5.67246742e-07	7.26437135e-08	0.000152789563	0	0	0	0	3
175	145	0	2.33551103	2.87619336e-07	5.7067629e-08	-6.33038425e-07	5.67246742e-07	7.26437135e-08	0.00015278963	0	0	0	0	3
176	146	0	2.34885681	-4.3753514e-07	3.65768753e-08	-6.33038425e-07	5.67246742e-07	7.26437135e-08	0.000152789642	0	0	0	0	3
177	147	0	2.36220258	6.70729233e-08	3.92033893e-08	-6.33038425e-07	5.67246742e-07	7.26437135e-08	0.00015278971	0	0	0	0	3
178	147	0	2.37554836	9.92581914e-08	4.49862035e-08	-6.33038425e-07	5.67246742e-07	7.26437135e-08	0.00015278979	0	0	0	0	3
179	148	0	2.38889414	-8.19913954e-08	3.40907584e-08	-6.33038425e-07	5.67246742e-07	7.26437135e-08	0.000152789809	0	0	0	0	3
180	149	0	2.40223992	-5.65763617e-08	4.92608127e-08	-6.04418794e-07	5.67246742e-07	7.26437135e-08	0.0001527823	0	0	0	0	3
181	150	0	2.41558569	1.30578835e-07	4.86086118e-08	-6.04418794e-07	5.67246742e-07	7.26437135e-08	0.00015278196	0	0	0	0	3
182	151	0	2.42893147	2.79712157e-07	7.18752157e-08	-4.99353502e-07	5.67246742e-07	6.4390587e-08	0.000152781869	0	0	0	0	3
183	151	0	2.44227725	-1.60096555e-07	5.96699904e-08	-4.99353502e-07	5.67246742e-07	6.4390587e-08	0.000152782058	0	0	0	0	3
184	152	0	2.45562303	2.20575303e-07	6.79941902e-08	-4.99353502e-07	5.67246742e-07	6.4390587e-08	0.000152781898	0	0	0	0	3
185	153	0	2.4689688	-2.420861e-07	5.06994311e-08	-4.99353502e-07	5.67246742e-07	6.4390587e-08	0.000152782134	0	0	0	0	3
186	154	0	2.48231458	-9.6871993e-08	4.71277825e-08	-4.99353502e-07	5.67246742e-07	6.4390587e-08	0.000152786216	0	0	0	0	3
187	155	0	2.49566036	2.78206594e-07	4.79887923e-08	-4.99353502e-07	5.67246742e-07	6.4390587e-08	0.00015278208	0	0	0	0	3
188	155	0	2.50900614	-2.46779555e-07	3.8994599e-08	-4.99353502e-07	5.67246742e-07	6.4390587e-08	0.00015278199	0	0	0	0	3
189	156	0	2.52235191	-2.10998898e-07	2.73723551e-08	-4.99353502e-07	5.67246742e-07	6.4390587e-08	0.000152782053	0	0	0	0	3
190	157	0	2.53569769	7.71948548e-08	2.24100037e-08	-4.99353502e-07	5.67246742e-07	6.67833292e-08	0.00015395778	0	0	0	0	3
191	158	0	2.54904347	-1.68646347e-07	3.04439607e-09	-4.99353502e-07	5.40749743e-07	8.61489368e-08	0.000153357607	0	0	0	0	3
192	159	0	2.56238924	2.73903735e-07	7.2688875e-09	-4.99353502e-07	5.40749743e-07	8.61489368e-08	0.000152781124	0	0	0	0	3
193	160	0	2.57573502	2.13039412e-07	6.24887604e-09	-4.99353502e-07	5.40749743e-07	8.61489368e-08	0.000152782087	0	0	0	0	3
194	161	0	2.5890808	-3.45890084e-08	8.1055461e-09	-4.99353502e-07	5.40749743e-07	8.61489368e-08	0.000152782419	0	0	0	0	3
195	162	0	2.60242658	-4.53117842e-07	6.16959564e-09	-4.99353502e-07	5.40749743e-07	8.61489368e-08	0.000152787341	0	0	0	0	3
196	163	0	2.61577235	4.09705982e-07	5.16313415e-09	-4.99353502e-07	5.40749743e-07	8.61489368e-08	0.000152789531	0	0	0	0	3
197	163	0	2.62911813	-2.33372878e-07	1.58390974e-09	-4.99353502e-07	5.40749743e-07	8.76094232e-08	0.000152790412	0	0	0	0	3
198	164	0	2.64246391	-9.91274562e-08	-1.16039408e-08	-4.99353502e-07	5.40749743e-07	9.20096085e-08	0.000152790387	0	0	0	0	3
199	165	0	2.65580969	-8.36872863e-08	-1.43500883e-08	-4.99353502e-07	5.40749743e-07	9.30388726e-08	0.000152790307	0	0	0	0	3
200	166	0	2.66915546	3.19467264e-07	-1.07749407e-08	-4.99353502e-07	5.40749743e-07	9.23518983e-08	0.000152790226	0	0	0	0	3
201	167	0	2.68250124	-2.23146448e-07	-2.2800513e-08	-4.99353502e-07	5.40749743e-07	9.94788346e-08	0.000152790768	0	0	0	0	3
202	168	0	2.69584702	-1.64214e-08	-1.67006907e-08	-4.99353502e-07	5.40749743e-07	9.94788346e-08	0.000152782465	0	0	0	0	3
203	169	0	2.70919279	3.03538384e-07	-2.29430948e-08	-4.99353502e-07	4.09705982e-07	9.48183106e-08	0.000152782105	0	0	0	0	3
204	170	0	2.72253857	-1.85636117e-07	-2.1829793e-08	-4.99353502e-07	4.09705982e-07	9.48183106e-08	0.000152782052	0	0	0	0	3
205	171	0	2.73588435	1.80045855e-07	-2.24461244e-08	-4.99353502e-07	4.09705982e-07	9.48183106e-08	0.000152782166	0	0	0	0	3
206	172	0	2.74923013	-9.02356574e-08	-1.16798653e-08	-4.53117842e-07	4.09705982e-07	9.48183106e-08	0.000152782268	0	0	0	0	3
207	173	0	2.7625759	3.52113602e-07	-3.66198709e-09	-4.53117842e-07	4.09705982e-07	9.48183106e-08	0.000152787196	0	0	0	0	3
208	173	0	2.77592168	-2.2706316e-08	4.47184431e-09	-4.53117842e-07	4.09705982e-07	9.48183106e-08	0.000152789176	0	0	0	0	3
209	174	0	2.78926746	-6.18751631e-08	-3.68650007e-09	-4.53117842e-07	4.09705982e-07	9.48183106e-08	0.000152790013	0	0	0	0	3
210	175	0	2.80261324	7.10765562e-08	1.8422598e-09	-4.53117842e-07	4.09705982e-07	9.48183106e-08	0.000152790128	0	0	0	0	3
211	176	0	2.81595901	1.13887617e-07	4.02167262e-09	-4.53117842e-07	4.09705982e-07	9.48183106e-08	0.00015279032	0	0	0	0	3
212	177	0	2.82930479	1.34713298e-07	1.59529469e-08	-4.53117842e-07	4.09705982e-07	9.48183106e-08	0.000152790195	0	0	0	0	3
213	178	0	2.84265057	3.87627339e-07	1.85847365e-08	-4.53117842e-07	4.09705982e-07	9.48183106e-08	0.000152790197	0	0	0	0	3
214	179	0	2.85599635	-1.90675446e-07	2.50810442e-08	-4.53117842e-07	4.09705982e-07	9.48183106e-08	0.000152780681	0	0	0	0	3
215	180	0	2.86934212	4.98236774e-08	2.46271167e-08	-4.53117842e-07	4.09705982e-07	9.48183106e-08	0.00015278161	0	0	0	0	3
216	181	0	2.8826879	-1.20182323e-07	1.88523663e-08	-4.53117842e-07	4.09705982e-07	9.48183106e-08	0.000152781991	0	0	0	0	3
217	181	0	2.89603368	3.83876712e-07	3.11120533e-08	-4.53117842e-07	4.09705982e-07	9.48183106e-08	0.000152782168	0	0	0	0	3
218	182	0	2.90937945	-1.49686497e-07	2.86617866e-08	-4.53117842e-07	4.09705982e-07	9.48183106e-08	0.000152782288	0	0	0	0	3
219	183	0	2.92272523	-1.33710092e-07	2.17068149e-08	-4.53117842e-07	4.09705982e-07	9.48183106e-08	0.000152787061	0	0	0	0	3
220	184	0	2.93607101	-5.84604922e-07	-1.0383714e-09	-5.84604922e-07	4.09705982e-07	9.09372851e-08	0.000152789129	0	0	0	0	3
221	185	0	2.94941679	3.24962144e-07	1.17263312e-08	-5.84604922e-07	4.09705982e-07	9.09372851e-08	0.000152790228	0	0	0	0	3
222	186	0	2.96276256	-2.39578064e-07	-3.82967942e-10	-5.84604922e-07	4.09705982e-07	7.3642526e-08	0.000152790096	0	0	0	0	3
223	187	0	2.97610834	1.68948765e-07	1.0433739e-08	-5.84604922e-07	4.09705982e-07	7.09318872e-08	0.000152789938	0	0	0	0	3
224	188	0	2.98945412	6.11042167e-08	1.45910077e-08	-5.84604922e-07	4.09705982e-07	7.09318872e-08	0.00015278237	0	0	0	0	3
225	189	0	3.0027999	3.84908505e-07	1.73989527e-08	-5.84604922e-07	4.09705982e-07	6.19376938e-08	0.000152782091	0	0	0	0	3
226	190	0	3.01614567	-3.02404576e-07	1.59351364e-08	-5.84604922e-07	4.09705982e-07	5.40551482e-08	0.000152782151	0	0	0	0	3
227	190	0	3.02949145	4.38378848e-08	2.26413675e-08	-5.84604922e-07	4.09705982e-07	5.40551482e-08	0.000152782248	0	0	0	0	3
228	191	0	3.04283723	-2.61233658e-07	1.3735354e-08	-5.84604922e-07	4.09705982e-07	5.40551482e-08	0.000152782231	0	0	0	0	3
229	192	0	3.056183	1.86711438e-07	2.30868747e-08	-5.84604922e-07	4.09705982e-07	5.40551482e-08	0.000152780568	0	0	0	0	3
230	193	0	3.06952878	-4.48134392e-07	4.08587134e-09	-5.84604922e-07	4.09705982e-07	5.40551482e-08	0.000152786741	0	0	0	0	3
231	194	0	3.08287456	-4.95618203e-08	-2.8246874e-09	-5.84604922e-07	4.09705982e-07	5.40551482e-08	0.000152789597	0	0	0	0	3
232	195	0	3.09622034	-4.87628177e-07	-1.47467708e-08	-5.84604922e-07	4.09705982e-07	5.40551482e-08	0.000152790611	0	0	0	0	3
233	196	0	3.10956611	1.16465915e-07	2.42275462e-10	-5.84604922e-07	4.09705982e-07	5.40551482e-08	0.000152790767	0	0	0	0	3
234	197	0	3.12291189	-1.99967257e-07	-1.58017571e-08	-5.84604922e-07	3.87627339e-07	5.40551482e-08	0.000152790444	0	0	0	0	3
235	198	0	3.13625767	-4.52735811e-07	-2.15744659e-08	-5.84604922e-07	3.87627339e-07	5.40551482e-08	0.000152790327	0	0	0	0	3
236	198	0	3.14960345	2.11056305e-08	-1.84104373e-08	-5.84604922e-07	3.87627339e-07	5.40551482e-08	0.000152782485	0	0	0	0	3
237	199	0	3.16294922	2.27411175e-07	-1.02236357e-08	-5.84604922e-07	3.87627339e-07	5.40551482e-08	0.000152782127	0	0	0	0	3
238	200	0	3.176295	2.01926072e-08	-1.80992845e-08	-5.84604922e-07	3.87627339e-07	5.40551482e-08	0.000152782113	0	0	0	0	3
239	201	0	3.18964078	2.19505018e-07	-6.45056176e-09	-5.84604922e-07	3.87627339e-07	5.40551482e-08	0.000152782233	0	0	0	0	3
240	202	0	3.20298656	3.11630992e-08	-5.1983381e-09	-5.84604922e-07	3.87627339e-07	5.40551482e-08	0.000152782398	0	0	0	0	3
241	203	0	3.21633233	2.53784698e-07	-6.50764564e-09	-5.84604922e-07	3.87627339e-07	5.35581777e-08	0.000152787494	0	0	0	0	3
242	204	0	3.22967811	8.06334726e-08	4.99448811e-10	-5.84604922e-07	3.87627339e-07	5.35581777e-08	0.000152789567	0	0	0	0	3
243	205	0	3.24302389	-6.994903e-08	-6.07936396e-09	-5.84604922e-07	3.87627339e-07	5.26865192e-08	0.000152790351	0	0	0	0	3
244	206	0	3.25636966	8.89189461e-08	-1.36476914e-09	-5.84604922e-07	3.87627339e-07	5.26865192e-08	0.000152791242	0	0	0	0	3
245	207	0	3.26971544	-4.4852635e-09	-1.07489498e-08	-5.84604922e-07	3.87627339e-07	5.26865192e-08	0.000152782411	0	0	0	0	3
246	208	0	3.28306122	1.21979128e-07	-6.94143813e-09	-5.84604922e-07	3.87627339e-07	5.26865192e-08	0.000152781774	0	0	0	0	3
247	209	0	3.296407	-6.75253199e-08	-7.09012646e-09	-5.84604922e-07	3.87627339e-07	5.26865192e-08	0.000152781595	0	0	0	0	3
248	209	0	3.30975277	2.33654342e-07	-2.81176368e-09	-5.84604922e-07	3.87627339e-07	5.26865192e-08	0.000152781623	0	0	0	0	3
249	210	0	3.32309855	-2.76027911e-07	-1.30726986e-08	-5.84604922e-07	3.87627339e-07	5.26865192e-08	0.000152781608	0	0	0	0	3
250	211	0	3.33644433	2.83955014e-07	-9.14528506e-09	-5.84604922e-07	3.87627339e-07	5.26865192e-08	0.000152781535	0	0	0	0	3
251	212	0	3.34979011	1.7707891e-07	-1.46860332e-08	-5.84604922e-07	3.84908505e-07	5.26865192e-08	0.00015278156	0	0	0	0	3
252	213	0	3.36313588	1.00803465e-08	-9.40298605e-09	-5.84604922e-07	3.84908505e-07	5.26865192e-08	0.000152781599	0	0	0	0	3
253	214	0	3.37648166	2.20673782e-08	-1.0133415e-08	-5.84604922e-07	3.84908505e-07	5.26865192e-08	0.000152781637	0	0	0	0	3
254	215	0	3.38982744	2.07770571e-07	-1.50307565e-09	-5.84604922e-07	3.84908505e-07	5.26865192e-08	0.000152781672	0	0	0	0	3
255	216	0	3.40317322	-2.35844616e-07	-1.78115316e-08	-5.84604922e-07	3.84908505e-07	5.02362525e-08	0.000152781715	0	0	0	0	3
256	217	0	3.41651899	2.49115537e-07	-7.31674127e-09	-5.84604922e-07	3.84908505e-07	4.46613406e-08	0.000152781751	0	0	0	0	3
257	218	0	3.42986477	1.29877122e-07	-3.80235623e-10	-5.84604922e-07	3.84908505e-07	4.46613406e-08	0.00015278179	0	0	0	0	3
258	219	0	3.44321055	2.29791964e-07	2.10512614e-08	-4.87628177e-07	3.84908505e-07	4.46613406e-08	0.000152781231	0	0	0	0	3
259	219	0	3.45655632	1.43531599e-07	1.62767734e-08	-4.87628177e-07	3.84908505e-07	4.46613406e-08	0.000153957636	0	0	0	0	3
260	220	0	3.4699021	-4.5085656e-07	1.07168129e-08	-4.87628177e-07	3.84908505e-07	4.46613406e-08	0.000152780135	0	0	0	0	3
261	221	0	3.48324788	1.08690868e-07	9.13107879e-09	-4.87628177e-07	3.84908505e-07	4.46613406e-08	0.000152781943	0	0	0	0	3
262	222	0	3.49659366	-3.05177805e-07	-5.07921784e-10	-4.87628177e-07	3.84908505e-07	4.46613406e-08	0.000152782135	0	0	0	0	3
263	223	0	3.50993943	-1.61622706e-07	-1.48903221e-08	-4.87628177e-07	2.83955014e-07	4.46613406e-08	0.000152783085	0	0	0	0	3
264	224	0	3.52328521	1.83344798e-07	-2.10744379e-09	-4.87628177e-07	2.83955014e-07	4.46613406e-08	0.000152787067	0	0	0	0	3
265	225	0	3.53663099	1.8259036e-07	1.54393713e-09	-4.87628177e-07	2.83955014e-07	4.46613406e-08	0.000152789899	0	0	0	0	3
266	226	0	3.54997677	4.86947532e-07	2.12329158e-08	-4.87628177e-07	4.86947532e-07	4.46613406e-08	0.000153609519	0	0	0	0	3
267	227	0	3.56332254	1.94417582e-07	2.14357091e-08	-4.87628177e-07	4.86947532e-07	4.30101749e-08	0.000153609484	0	0	0	0	3
268	228	0	3.57666832	1.45655334e-07	3.70617545e-08	-4.87628177e-07	4.86947532e-07	5.86362204e-08	0.00015360913	0	0	0	0	3
269	229	0	3.5900141	1.40887422e-07	4.20735766e-08	-4.87628177e-07	4.86947532e-07	6.36480425e-08	0.000153601583	0	0	0	0	3
270	230	0	3.60335987	-6.21119524e-08	5.3271372e-08	-4.52735811e-07	4.86947532e-07	7.48458379e-08	0.000153600615	0	0	0	0	3
271	231	0	3.61670565	-7.86314383e-08	4.81372311e-08	-4.52735811e-07	4.86947532e-07	7.48458379e-08	0.000153601046	0	0	0	0	3
272	232	0	3.63005143	-3.93900269e-07	4.30337308e-08	-4.52735811e-07	4.86947532e-07	7.48458379e-08	0.000153601178	0	0	0	0	3
273	233	0	3.64339721	3.428705e-07	6.3970739e-08	-4.5085656e-07	4.86947532e-07	8.23811763e-08	0.000153601205	0	0	0	0	3
274	233	0	3.65674298	2.38830601e-07	6.97003435e-08	-4.5085656e-07	4.86947532e-07	8.7799628e-08	0.000153601225	0	0	0	0	3
275	234	0	3.67008876	-6.03056747e-08	6.21288475e-08	-4.5085656e-07	4.86947532e-07	8.7799628e-08	0.000153606495	0	0	0	0	3
276	235	0	3.68343454	-1.45888655e-07	5.77582879e-08	-4.5085656e-07	4.86947532e-07	8.75118751e-08	0.000153608359	0	0	0	0	3
277	236	0	3.69678032	5.1406702e-07	6.55099196e-08	-4.5085656e-07	5.1406702e-07	8.75118751e-08	0.000153609082	0	0	0	0	3
278	237	0	3.71012609	-3.1127653e-07	5.64983504e-08	-4.5085656e-07	5.1406702e-07	8.75118751e-08	0.000153609158	0	0	0	0	3
279	238	0	3.72347187	8.60463494e-08	5.20841833e-08	-4.5085656e-07	5.1406702e-07	8.75118751e-08	0.000153609231	0	0	0	0	3
280	239	0	3.73681765	1.52465022e-08	5.03634736e-08	-4.5085656e-07	5.1406702e-07	8.75118751e-08	0.000153609161	0	0	0	0	3
281	240	0	3.75016343	3.58613795e-07	6.16414426e-08	-4.5085656e-07	5.1406702e-07	8.75118751e-08	0.000153609161	0	0	0	0	3
282	241	0	3.7635092	-2.40247387e-07	5.29791707e-08	-4.5085656e-07	5.1406702e-07	8.75118751e-08	0.000153601578	0	0	0	0	3
283	242	0	3.77685498	7.78770187e-08	5.51465992e-08	-4.5085656e-07	5.1406702e-07	8.75118751e-08	0.000153601274	0	0	0	0	3
284	243	0	3.79020076	-7.16099334e-08	5.00521502e-08	-4.5085656e-07	5.1406702e-07	8.75118751e-08	0.000153601248	0	0	0	0	3
285	243	0	3.80354653	-1.43382459e-07	4.80559097e-08	-4.5085656e-07	5.1406702e-07	8.75118751e-08	0.000153601395	0	0	0	0	3
286	244	0	3.81689231	4.53212403e-07	5.38337534e-08	-4.5085656e-07	5.1406702e-07	8.75118751e-08	0.000153605909	0	0	0	0	3
287	245	0	3.83023809	-3.99310185e-07	5.05894831e-08	-4.5085656e-07	5.1406702e-07	8.75118751e-08	0.000153608097	0	0	0	0	3
288	246	0	3.84358387	2.56625305e-07	4.98702802e-08	-4.5085656e-07	5.1406702e-07	8.75118751e-08	0.000153608815	0	0	0	0	3
289	247	0	3.85692964	-1.29679229e-07	4.17976976e-08	-4.5085656e-07	5.1406702e-07	8.75118751e-08	0.000153609142	0	0	0	0	3
290	248	0	3.87027542	1.84382557e-07	4.63845979e-08	-4.5085656e-07	5.1406702e-07	8.75118751e-08	0.000152782012	0	0	0	0	3
291	249	0	3.8836212	5.65891236e-07	6.06957521e-08	-4.5085656e-07	5.65891236e-07	8.75118751e-08	0.000152782148	0	0	0	0	3
292	250	0	3.89696698	5.16740454e-08	5.65879487e-08	-4.5085656e-07	5.65891236e-07	8.75118751e-08	0.000152781889	0	0	0	0	3
293	251	0	3.91031275	4.01542761e-07	7.33613008e-08	-4.5085656e-07	5.65891236e-07	8.82516228e-08	0.000153601305	0	0	0	0	3
294	252	0	3.92365853	-5.88230834e-08	6.52576529e-08	-4.5085656e-07	5.65891236e-07	8.82516228e-08	0.00015360137	0	0	0	0	3
295	253	0	3.93700431	-2.51604198e-07	5.52186708e-08	-4.5085656e-07	5.65891236e-07	8.82516228e-08	0.000153605998	0	0	0	0	3
296	253	0	3.95035008	3.48806018e-07	5.83506195e-08	-4.5085656e-07	5.65891236e-07	8.82516228e-08	0.000153608075	0	0	0	0	3
297	254	0	3.96369586	-4.1451319e-07	4.36652303e-08	-4.5085656e-07	5.65891236e-07	8.82516228e-08	0.000153608932	0	0	0	0	3
298	255	0	3.97704164	-5.5949614e-08	5.40575184e-08	-4.1451319e-07	5.65891236e-07	8.82516228e-08	0.000153609074	0	0	0	0	3
299	256	0	3.99038742	4.85892524e-07	6.39838778e-08	-4.1451319e-07	5.65891236e-07	8.82516228e-08	0.000152789582	0	0	0	0	3
300	257	0	4.00373319	-2.50407925e-07	6.54251904e-08	-4.1451319e-07	5.65891236e-07	8.82516228e-08	0.000152784116	0	0	0	0	3
