Iteration	CPUTime	PhysTime	Travels	Value	AvValue	MinValue	MaxValue	Delta	Criteria	PrevAvRefValue	Progress	CriteriaType	CriteriaVarType	CriteriaPercentage
1	4	0	0.0133457773	293.200309	293.200309	293.200309	293.200309	0	0	0	0	0	0	3
2	5	0	0.0266915546	293.200634	293.200472	293.200309	293.200634	0.000162400834	0	0	0	0	0	3
3	5	0	0.0400373319	293.200975	293.200639	293.200309	293.200975	0.000329950528	0	0	0	0	0	3
4	6	0	0.0533831093	293.201328	293.200812	293.200309	293.201328	0.000502104942	0	0	0	0	0	3
5	7	0	0.0667288866	293.201701	293.20099	293.200309	293.201701	0.000680064176	0	0	0	0	0	3
6	7	0	0.0800746639	293.202349	293.201216	293.200309	293.202349	0.000906716377	0	0	0	0	0	3
7	8	0	0.0934204412	293.203106	293.201486	293.200309	293.203106	0.00117673995	0	0	0	0	0	3
8	9	0	0.106766219	293.203898	293.201788	293.200309	293.203898	0.00147826626	0	0	0	0	0	3
9	10	0	0.120111996	293.204684	293.20211	293.200309	293.204684	0.00180012873	0	0	0	0	0	3
10	11	0	0.133457773	293.205471	293.202446	293.200309	293.205471	0.00213624238	0	0	0	0	0	3
11	11	0	0.14680355	293.206689	293.202831	293.200309	293.206689	0.00252200987	0	0	0	0	0	3
12	12	0	0.160149328	293.207897	293.203254	293.200309	293.207897	0.00294411949	0	0	0	0	0	3
13	13	0	0.173495105	293.209074	293.203701	293.200309	293.209074	0.00339185184	0	0	0	0	0	3
14	14	0	0.186840882	293.210241	293.204168	293.200309	293.210241	0.00385900412	0	0	0	0	0	3
15	15	0	0.20018666	293.211385	293.20465	293.200309	293.211385	0.00434011179	0	0	0	0	0	3
16	15	0	0.213532437	293.213069	293.205176	293.200309	293.213069	0.00486634896	0	0	0	0	0	3
17	16	0	0.226878214	293.214732	293.205738	293.200309	293.214732	0.00542847927	0	0	0	0	0	3
18	17	0	0.240223992	293.216365	293.206328	293.200309	293.216365	0.00601888231	0	0	0	0	0	3
19	18	0	0.253569769	293.217973	293.206941	293.200309	293.217973	0.00663175459	0	0	0	0	0	3
20	18	0	0.266915546	293.219564	293.207572	293.200309	293.219564	0.00726289798	0	0	0	0	0	3
21	19	0	0.280261324	293.221936	293.208256	293.200309	293.221936	0.0079468982	0	0	0	0	0	3
22	20	0	0.293607101	293.224292	293.208985	293.200309	293.224292	0.00867578079	0	0	0	0	0	3
23	21	0	0.306952878	293.226604	293.209751	293.200309	293.226604	0.00944180049	0	0	0	0	0	3
24	22	0	0.320298656	293.228902	293.210549	293.200309	293.228902	0.0102397443	0	0	0	0	0	3
25	22	0	0.333644433	293.231162	293.211374	293.200309	293.231162	0.0110642393	0	0	0	0	0	3
26	23	0	0.34699021	293.234456	293.212261	293.200309	293.234456	0.0119520254	0	0	0	0	0	3
27	24	0	0.360335987	293.237632	293.213201	293.200309	293.237632	0.0128916886	0	0	0	0	0	3
28	25	0	0.373681765	293.240714	293.214184	293.200309	293.240714	0.01387429	0	0	0	0	0	3
29	25	0	0.387027542	293.243717	293.215202	293.200309	293.243717	0.0148926644	0	0	0	0	0	3
30	26	0	0.400373319	293.246638	293.21625	293.200309	293.246638	0.01594053	0	0	0	0	0	3
31	27	0	0.413719097	293.250916	293.217368	293.200309	293.250916	0.0170587875	0	0	0	0	0	3
32	28	0	0.427064874	293.255068	293.218546	293.200309	293.255068	0.018236914	0	0	0	0	0	3
33	29	0	0.440410651	293.259164	293.219777	293.200309	293.259164	0.0194677585	0	0	0	0	0	3
34	29	0	0.453756429	293.263231	293.221055	293.200309	293.263231	0.0207458079	0	0	0	0	0	3
35	30	0	0.467102206	293.267305	293.222377	293.200309	293.267305	0.0220672327	0	0	0	0	0	3
36	31	0	0.480447983	293.273614	293.2238	293.200309	293.273614	0.0234904926	0	0	0	0	0	3
37	32	0	0.493793761	293.280048	293.22532	293.200309	293.280048	0.0250106977	0	0	0	0	0	3
38	33	0	0.507139538	293.286527	293.226931	293.200309	293.286527	0.0266214127	0	0	0	0	0	3
39	34	0	0.520485315	293.293117	293.229373	293.200634	293.293117	0.0289013155	0	0	0	0	0	3
40	35	0	0.533831093	293.299802	293.231983	293.200975	293.299802	0.0313434527	0	0	0	0	0	3
41	35	0	0.54717687	293.309769	293.234846	293.201328	293.309769	0.0340343026	0	0	0	0	0	3
42	36	0	0.560522647	293.320008	293.237969	293.201701	293.320008	0.0369795062	0	0	0	0	0	3
43	37	0	0.573868425	293.330352	293.241355	293.202349	293.330352	0.0401384016	0	0	0	0	0	3
44	38	0	0.587214202	293.34092	293.245001	293.203106	293.34092	0.0435149594	0	0	0	0	0	3
45	39	0	0.600559979	293.351649	293.24891	293.203898	293.351649	0.0471224501	0	0	0	0	0	3
46	40	0	0.613905756	293.362642	293.253088	293.204684	293.362642	0.0509780421	0	0	0	0	0	3
47	40	0	0.627251534	293.373785	293.257538	293.205471	293.373785	0.0550919473	0	0	0	0	0	3
48	41	0	0.640597311	293.38525	293.262269	293.206689	293.38525	0.0594372236	0	0	0	0	0	3
49	42	0	0.653943088	293.396853	293.267273	293.207897	293.396853	0.0640194175	0	0	0	0	0	3
50	43	0	0.667288866	293.408317	293.272547	293.209074	293.408317	0.0688459005	0	0	0	0	0	3
51	43	0	0.680634643	293.419863	293.278094	293.210241	293.419863	0.0739258204	0	0	0	0	0	3
52	44	0	0.69398042	293.432011	293.28393	293.211385	293.432011	0.0792807667	0	0	0	0	0	3
53	45	0	0.707326198	293.444324	293.29006	293.213069	293.444324	0.0848844979	0	0	0	0	0	3
54	46	0	0.720671975	293.457239	293.296486	293.214732	293.457239	0.0907478944	0	0	0	0	0	3
55	47	0	0.734017752	293.470338	293.303212	293.216365	293.470338	0.0968839598	0	0	0	0	0	3
56	47	0	0.74736353	293.483667	293.310247	293.217973	293.483667	0.103305353	0	0	0	0	0	3
57	48	0	0.760709307	293.497368	293.317599	293.219564	293.497368	0.110026705	0	0	0	0	0	3
58	49	0	0.774055084	293.511328	293.325277	293.221936	293.511328	0.117020694	0	0	0	0	0	3
59	50	0	0.787400862	293.525672	293.33327	293.224292	293.525672	0.124284847	0	0	0	0	0	3
60	51	0	0.800746639	293.540143	293.341582	293.226604	293.540143	0.131830704	0	0	0	0	0	3
61	51	0	0.814092416	293.554988	293.350224	293.228902	293.554988	0.139674451	0	0	0	0	0	3
62	52	0	0.827438193	293.569829	293.359195	293.231162	293.569829	0.147821718	0	0	0	0	0	3
63	53	0	0.840783971	293.584967	293.368506	293.234456	293.584967	0.156244591	0	0	0	0	0	3
64	54	0	0.854129748	293.600292	293.378133	293.237632	293.600292	0.164932191	0	0	0	0	0	3
65	55	0	0.867475525	293.615943	293.388089	293.240714	293.615943	0.173905126	0	0	0	0	0	3
66	55	0	0.880821303	293.631174	293.398364	293.243717	293.631174	0.183162012	0	0	0	0	0	3
67	56	0	0.89416708	293.64655	293.408965	293.246638	293.64655	0.192715018	0	0	0	0	0	3
68	57	0	0.907512857	293.661793	293.41989	293.250916	293.661793	0.202521885	0	0	0	0	0	3
69	58	0	0.920858635	293.677468	293.431115	293.255068	293.677468	0.212568809	0	0	0	0	0	3
70	59	0	0.934204412	293.693581	293.442655	293.259164	293.693581	0.222877782	0	0	0	0	0	3
71	59	0	0.947550189	293.710168	293.454524	293.263231	293.710168	0.23346824	0	0	0	0	0	3
72	60	0	0.960895967	293.726567	293.466717	293.267305	293.726567	0.244339864	0	0	0	0	0	3
73	61	0	0.974241744	293.743325	293.479243	293.273614	293.743325	0.25544345	0	0	0	0	0	3
74	62	0	0.987587521	293.760076	293.492045	293.280048	293.760076	0.266724886	0	0	0	0	0	3
75	63	0	1.0009333	293.777071	293.505125	293.286527	293.777071	0.278193733	0.017282892	0	0	0	0	3
76	63	0	1.01427908	293.794318	293.518488	293.293117	293.794318	0.289114347	0.0178003109	0	0	0	0	3
77	64	0	1.02762485	293.811756	293.532136	293.299802	293.811756	0.30015306	0.0180618807	0	0	0	0	3
78	65	0	1.04097063	293.829334	293.546071	293.309769	293.829334	0.311225101	0.0183213143	0	0	0	0	3
79	66	0	1.05431641	293.846725	293.560201	293.320008	293.846725	0.322232374	0.0185786647	0	0	0	0	3
80	67	0	1.06766219	293.863977	293.574516	293.330352	293.863977	0.333161797	0.0188326977	0	0	0	0	3
81	67	0	1.08100796	293.881449	293.589019	293.34092	293.881449	0.344017763	0.0190856279	0	0	0	0	3
82	68	0	1.09435374	293.898769	293.603699	293.351649	293.898769	0.354788996	0.0193371266	0	0	0	0	3
83	69	0	1.10769952	293.916061	293.618552	293.362642	293.916061	0.365464498	0.019587649	0	0	0	0	3
84	70	0	1.12104529	293.933226	293.633567	293.373785	293.933226	0.376029852	0.019837094	0	0	0	0	3
85	71	0	1.13439107	293.950202	293.648736	293.38525	293.950202	0.386467665	0.0200839224	0	0	0	0	3
86	71	0	1.14773685	293.966949	293.664044	293.396853	293.966949	0.396771215	0.0203282532	0	0	0	0	3
87	72	0	1.16108263	293.983717	293.679488	293.408317	293.983717	0.406940787	0.0205708384	0	0	0	0	3
88	73	0	1.1744284	293.999967	293.695058	293.419863	293.999967	0.416963458	0.0208109103	0	0	0	0	3
89	74	0	1.18777418	294.01598	293.710745	293.432011	294.01598	0.4268147	0.0210485488	0	0	0	0	3
90	75	0	1.20111996	294.031522	293.726522	293.444324	294.031522	0.43646132	0.0212822172	0	0	0	0	3
91	76	0	1.21446574	294.046993	293.742381	293.457239	294.046993	0.445895512	0.0215125683	0	0	0	0	3
92	76	0	1.22781151	294.062181	293.758301	293.470338	294.062181	0.455088551	0.0217397386	0	0	0	0	3
93	77	0	1.24115729	294.077573	293.774281	293.483667	294.077573	0.464034162	0.0219646424	0	0	0	0	3
94	78	0	1.25450307	294.092609	293.790306	293.497368	294.092609	0.472706451	0.0221871007	0	0	0	0	3
95	79	0	1.26784884	294.107582	293.806364	293.511328	294.107582	0.481086725	0.0224062137	0	0	0	0	3
96	80	0	1.28119462	294.122346	293.822443	293.525672	294.122346	0.489173111	0.0226221854	0	0	0	0	3
97	80	0	1.2945404	294.13666	293.838522	293.540143	294.13666	0.496939862	0.0228348895	0	0	0	0	3
98	81	0	1.30788618	294.151049	293.854598	293.554988	294.151049	0.504374637	0.0230448685	0	0	0	0	3
99	82	0	1.32123195	294.165463	293.870663	293.569829	294.165463	0.511468016	0.0232525428	0	0	0	0	3
100	83	0	1.33457773	294.179754	293.886714	293.584967	294.179754	0.51820803	0.0234567991	0	0	0	0	3
101	84	0	1.34792351	294.194198	293.902746	293.600292	294.194198	0.524613163	0.0236583436	0	0	0	0	3
102	85	0	1.36126929	294.208437	293.91875	293.615943	294.208437	0.530661443	0.0238573567	0	0	0	0	3
103	86	0	1.37461506	294.222502	293.934712	293.631174	294.222502	0.536348261	0.0240540066	0	0	0	0	3
104	87	0	1.38796084	294.23647	293.950641	293.64655	294.23647	0.541676247	0.0242485226	0	0	0	0	3
105	88	0	1.40130662	294.250485	293.966534	293.661793	294.250485	0.546644159	0.0244398077	0	0	0	0	3
106	88	0	1.4146524	294.264442	293.982393	293.677468	294.264442	0.551278299	0.0246282401	0	0	0	0	3
107	89	0	1.42799817	294.278598	293.998213	293.693581	294.278598	0.555557692	0.0248143266	0	0	0	0	3
108	90	0	1.44134395	294.292874	294.013984	293.710168	294.292874	0.559460032	0.0249984161	0	0	0	0	3
109	91	0	1.45468973	294.306967	294.029689	293.726567	294.306967	0.562972244	0.0251805177	0	0	0	0	3
110	91	0	1.4680355	294.321086	294.045334	293.743325	294.321086	0.566090649	0.0253589077	0	0	0	0	3
111	92	0	1.48138128	294.334778	294.060899	293.760076	294.334778	0.568853543	0.0255334353	0	0	0	0	3
112	93	0	1.49472706	294.34839	294.076381	293.777071	294.34839	0.571255914	0.0257043121	0	0	0	0	3
113	94	0	1.50807284	294.362124	294.091777	293.794318	294.362124	0.567806095	0.0258718359	0	0	0	0	3
114	95	0	1.52141861	294.375985	294.107084	293.811756	294.375985	0.564228786	0.0260362883	0	0	0	0	3
115	96	0	1.53476439	294.389911	294.122298	293.829334	294.389911	0.560576688	0.0261954877	0	0	0	0	3
116	97	0	1.54811017	294.403976	294.13742	293.846725	294.403976	0.557250494	0.0263497203	0	0	0	0	3
117	97	0	1.56145595	294.418107	294.152457	293.863977	294.418107	0.554130178	0.0264993139	0	0	0	0	3
118	98	0	1.57480172	294.432219	294.167411	293.881449	294.432219	0.550770105	0.0266444226	0	0	0	0	3
119	99	0	1.5881475	294.44613	294.182271	293.898769	294.44613	0.547361376	0.0267851049	0	0	0	0	3
120	100	0	1.60149328	294.460024	294.19704	293.916061	294.460024	0.543962286	0.0269214683	0	0	0	0	3
121	101	0	1.61483906	294.474138	294.211727	293.933226	294.474138	0.540911966	0.0270538402	0	0	0	0	3
122	102	0	1.62818483	294.488248	294.226332	293.950202	294.488248	0.538046087	0.0271822676	0	0	0	0	3
123	102	0	1.64153061	294.502526	294.240867	293.966949	294.502526	0.535576786	0.0273070159	0	0	0	0	3
124	103	0	1.65487639	294.516938	294.255341	293.983717	294.516938	0.533221477	0.0274284775	0	0	0	0	3
125	104	0	1.66822216	294.531536	294.269757	293.999967	294.531536	0.531569138	0.027546912	0	0	0	0	3
126	105	0	1.68156794	294.545855	294.284123	294.01598	294.545855	0.529874924	0.0276619786	0	0	0	0	3
127	106	0	1.69491372	294.560448	294.298451	294.031522	294.560448	0.528926283	0.0277739353	0	0	0	0	3
128	107	0	1.7082595	294.574959	294.312752	294.046993	294.574959	0.527965566	0.0278825701	0	0	0	0	3
129	107	0	1.72160527	294.589327	294.327024	294.062181	294.589327	0.527145938	0.0279878866	0	0	0	0	3
130	108	0	1.73495105	294.603459	294.341268	294.077573	294.603459	0.525885754	0.0280898114	0	0	0	0	3
131	109	0	1.74829683	294.617855	294.355486	294.092609	294.617855	0.525245867	0.0281884686	0	0	0	0	3
132	110	0	1.76164261	294.632144	294.369684	294.107582	294.632144	0.524562152	0.0282838374	0	0	0	0	3
133	111	0	1.77498838	294.646592	294.383868	294.122346	294.646592	0.524246765	0.0283759716	0	0	0	0	3
134	111	0	1.78833416	294.660894	294.398041	294.13666	294.660894	0.524234658	0.0284648964	0	0	0	0	3
135	112	0	1.80167994	294.675245	294.412214	294.151049	294.675245	0.52419652	0.0285506101	0	0	0	0	3
136	113	0	1.81502571	294.689648	294.426388	294.165463	294.689648	0.524184436	0.0286332979	0	0	0	0	3
137	114	0	1.82837149	294.703876	294.440556	294.179754	294.703876	0.524121382	0.0287128782	0	0	0	0	3
138	115	0	1.84171727	294.717732	294.454714	294.194198	294.717732	0.523534079	0.0287892324	0	0	0	0	3
139	115	0	1.85506305	294.731372	294.46885	294.208437	294.731372	0.522935055	0.0288622582	0	0	0	0	3
140	116	0	1.86840882	294.744783	294.482964	294.222502	294.744783	0.522280944	0.0289321967	0	0	0	0	3
141	117	0	1.8817546	294.758036	294.497057	294.23647	294.758036	0.521565639	0.0289990512	0	0	0	0	3
142	118	0	1.89510038	294.771292	294.511132	294.250485	294.771292	0.520806669	0.0290630201	0	0	0	0	3
143	119	0	1.90844616	294.784621	294.525188	294.264442	294.784621	0.520179387	0.0291240728	0	0	0	0	3
144	119	0	1.92179193	294.797848	294.539225	294.278598	294.797848	0.519250451	0.0291821009	0	0	0	0	3
145	120	0	1.93513771	294.810742	294.553229	294.292874	294.810742	0.517868271	0.0292368885	0	0	0	0	3
146	121	0	1.94848349	294.823567	294.567194	294.306967	294.823567	0.516599916	0.0292886227	0	0	0	0	3
147	122	0	1.96182927	294.836165	294.58112	294.321086	294.836165	0.515078525	0.0293371861	0	0	0	0	3
148	123	0	1.97517504	294.848817	294.595008	294.334778	294.848817	0.514039029	0.0293827343	0	0	0	0	3
149	123	0	1.98852082	294.861406	294.608867	294.34839	294.861406	0.513016013	0.0294252656	0	0	0	0	3
150	124	0	2.0018666	294.874013	294.622699	294.362124	294.874013	0.511889031	0.0294648067	0	0	0	0	3
151	125	0	2.01521237	294.886466	294.636497	294.375985	294.886466	0.510480836	0.0295013394	0	0	0	0	3
152	126	0	2.02855815	294.89867	294.650252	294.389911	294.89867	0.50875963	0.0295348297	0	0	0	0	3
153	127	0	2.04190393	294.910703	294.663957	294.403976	294.910703	0.506727644	0.0295654004	0	0	0	0	3
154	128	0	2.05524971	294.922663	294.677607	294.418107	294.922663	0.504555559	0.0295931874	0	0	0	0	3
155	128	0	2.06859548	294.93475	294.691203	294.432219	294.93475	0.502531218	0.0296182605	0	0	0	0	3
156	129	0	2.08194126	294.946604	294.704739	294.44613	294.946604	0.500473995	0.0296406901	0	0	0	0	3
157	130	0	2.09528704	294.958469	294.718222	294.460024	294.958469	0.498445776	0.0296605871	0	0	0	0	3
158	131	0	2.10863282	294.97018	294.731647	294.474138	294.97018	0.496041738	0.0296780332	0	0	0	0	3
159	132	0	2.12197859	294.981967	294.745011	294.488248	294.981967	0.493718757	0.0296932107	0	0	0	0	3
160	133	0	2.13532437	294.993768	294.758314	294.502526	294.993768	0.49124276	0.0297062857	0	0	0	0	3
161	133	0	2.14867015	295.005615	294.771553	294.516938	295.005615	0.488676759	0.0297173399	0	0	0	0	3
162	134	0	2.16201592	295.017419	294.784724	294.531536	295.017419	0.485883138	0.0297266069	0	0	0	0	3
163	135	0	2.1753617	295.029071	294.797817	294.545855	295.029071	0.483216294	0.0297341766	0	0	0	0	3
164	136	0	2.18870748	295.04071	294.810839	294.560448	295.04071	0.480261797	0.0297402605	0	0	0	0	3
165	137	0	2.20205326	295.051976	294.823774	294.574959	295.051976	0.477016913	0.0297448073	0	0	0	0	3
166	137	0	2.21539903	295.063334	294.836626	294.589327	295.063334	0.474007463	0.0297479918	0	0	0	0	3
167	138	0	2.22874481	295.074614	294.849397	294.603459	295.074614	0.471154676	0.029749766	0	0	0	0	3
168	139	0	2.24209059	295.085859	294.862092	294.617855	295.085859	0.46800372	0.0297502791	0	0	0	0	3
169	140	0	2.25543637	295.096972	294.8747	294.632144	295.096972	0.464828384	0.0297495497	0	0	0	0	3
170	141	0	2.26878214	295.108362	294.887232	294.646592	295.108362	0.4617692	0.02974777	0	0	0	0	3
171	142	0	2.28212792	295.11976	294.899684	294.660894	295.11976	0.458865459	0.0297451162	0	0	0	0	3
172	143	0	2.2954737	295.131249	294.912062	294.675245	295.131249	0.456003808	0.0297416203	0	0	0	0	3
173	143	0	2.30881948	295.142564	294.92436	294.689648	295.142564	0.452916116	0.0297372468	0	0	0	0	3
174	144	0	2.32216525	295.15389	294.936576	294.703876	295.15389	0.450014003	0.0297320631	0	0	0	0	3
175	145	0	2.33551103	295.16508	294.948713	294.717732	295.16508	0.447348551	0.0297260072	0	0	0	0	3
176	146	0	2.34885681	295.176308	294.960781	294.731372	295.176308	0.444935304	0.0297191766	0	0	0	0	3
177	147	0	2.36220258	295.187597	294.972787	294.744783	295.187597	0.442814742	0.0297116638	0	0	0	0	3
178	147	0	2.37554836	295.198954	294.984739	294.758036	295.198954	0.440917711	0.029703536	0	0	0	0	3
179	148	0	2.38889414	295.210595	294.996648	294.771292	295.210595	0.43930303	0.0296948798	0	0	0	0	3
180	149	0	2.40223992	295.222065	295.008511	294.784621	295.222065	0.437443315	0.0296856779	0	0	0	0	3
181	150	0	2.41558569	295.233889	295.020334	294.797848	295.233889	0.436040418	0.0296759896	0	0	0	0	3
182	151	0	2.42893147	295.245766	295.032121	294.810742	295.245766	0.43502449	0.0296658101	0	0	0	0	3
183	151	0	2.44227725	295.257526	295.043878	294.823567	295.257526	0.433958401	0.0296551707	0	0	0	0	3
184	152	0	2.45562303	295.269187	295.055605	294.836165	295.269187	0.433022431	0.0296440501	0	0	0	0	3
185	153	0	2.4689688	295.28089	295.067309	294.848817	295.28089	0.432073154	0.0296325894	0	0	0	0	3
186	154	0	2.48231458	295.292682	295.078989	294.861406	295.292682	0.4312761	0.0296208432	0	0	0	0	3
187	155	0	2.49566036	295.30438	295.090646	294.874013	295.30438	0.430366194	0.0296087612	0	0	0	0	3
188	155	0	2.50900614	295.316274	295.102285	294.886466	295.316274	0.429808677	0.0295963711	0	0	0	0	3
189	156	0	2.52235191	295.328034	295.113905	294.89867	295.328034	0.429364028	0.0295836285	0	0	0	0	3
190	157	0	2.53569769	295.339475	295.125505	294.910703	295.339475	0.428772063	0.0295704229	0	0	0	0	3
191	158	0	2.54904347	295.350914	295.13709	294.922663	295.350914	0.428251095	0.0295567486	0	0	0	0	3
192	159	0	2.56238924	295.36238	295.148661	294.93475	295.36238	0.427629407	0.0295426295	0	0	0	0	3
193	160	0	2.57573502	295.3738	295.160215	294.946604	295.3738	0.427195695	0.0295281165	0	0	0	0	3
194	161	0	2.5890808	295.385122	295.171755	294.958469	295.385122	0.426652833	0.0295131992	0	0	0	0	3
195	162	0	2.60242658	295.396403	295.18328	294.97018	295.396403	0.426223417	0.0294978221	0	0	0	0	3
196	163	0	2.61577235	295.407753	295.194795	294.981967	295.407753	0.4257869	0.0294820151	0	0	0	0	3
197	163	0	2.62911813	295.419019	295.206296	294.993768	295.419019	0.425250849	0.0294657265	0	0	0	0	3
198	164	0	2.64246391	295.429896	295.217773	295.005615	295.429896	0.424281611	0.0294488405	0	0	0	0	3
199	165	0	2.65580969	295.440595	295.22922	295.017419	295.440595	0.423175275	0.0294312834	0	0	0	0	3
200	166	0	2.66915546	295.451172	295.240635	295.029071	295.451172	0.42210077	0.0294131092	0	0	0	0	3
201	167	0	2.68250124	295.461842	295.252023	295.04071	295.461842	0.421132342	0.0293942895	0	0	0	0	3
202	168	0	2.69584702	295.472506	295.263386	295.051976	295.472506	0.420530378	0.0293748574	0	0	0	0	3
203	169	0	2.70919279	295.482918	295.274727	295.063334	295.482918	0.419583621	0.0293548018	0	0	0	0	3
204	170	0	2.72253857	295.493382	295.286044	295.074614	295.493382	0.41876841	0.029334204	0	0	0	0	3
205	171	0	2.73588435	295.503881	295.297341	295.085859	295.503881	0.418022571	0.0293130239	0	0	0	0	3
206	172	0	2.74923013	295.514145	295.308611	295.096972	295.514145	0.417172974	0.0292912454	0	0	0	0	3
207	173	0	2.7625759	295.524152	295.319853	295.108362	295.524152	0.415789895	0.0292687873	0	0	0	0	3
208	173	0	2.77592168	295.534179	295.331059	295.11976	295.534179	0.414419791	0.0292457028	0	0	0	0	3
209	174	0	2.78926746	295.544324	295.342231	295.131249	295.544324	0.413074827	0.0292220212	0	0	0	0	3
210	175	0	2.80261324	295.55437	295.353366	295.142564	295.55437	0.411806134	0.0291977223	0	0	0	0	3
211	176	0	2.81595901	295.564328	295.364465	295.15389	295.564328	0.410438293	0.0291728388	0	0	0	0	3
212	177	0	2.82930479	295.574482	295.375533	295.16508	295.574482	0.409401563	0.0291475079	0	0	0	0	3
213	178	0	2.84265057	295.584627	295.386574	295.176308	295.584627	0.408319378	0.0291217842	0	0	0	0	3
214	179	0	2.85599635	295.594627	295.397582	295.187597	295.594627	0.407029851	0.0290956946	0	0	0	0	3
215	180	0	2.86934212	295.604341	295.408549	295.198954	295.604341	0.405387392	0.0290692194	0	0	0	0	3
216	181	0	2.8826879	295.614147	295.419476	295.210595	295.614147	0.403552641	0.0290423857	0	0	0	0	3
217	181	0	2.89603368	295.623814	295.43035	295.222065	295.623814	0.401749402	0.0290151561	0	0	0	0	3
218	182	0	2.90937945	295.63343	295.441175	295.233889	295.63343	0.399541154	0.0289875497	0	0	0	0	3
219	183	0	2.92272523	295.643099	295.451944	295.245766	295.643099	0.397332897	0.0289596551	0	0	0	0	3
220	184	0	2.93607101	295.652885	295.462657	295.257526	295.652885	0.395359467	0.0289315163	0	0	0	0	3
221	185	0	2.94941679	295.66245	295.473313	295.269187	295.66245	0.393262434	0.0289031398	0	0	0	0	3
222	186	0	2.96276256	295.672068	295.483916	295.28089	295.672068	0.391178451	0.0288745303	0	0	0	0	3
223	187	0	2.97610834	295.681576	295.49446	295.292682	295.681576	0.388893873	0.0288456828	0	0	0	0	3
224	188	0	2.98945412	295.691207	295.504947	295.30438	295.691207	0.38682759	0.0288166233	0	0	0	0	3
225	189	0	3.0027999	295.700878	295.515382	295.316274	295.700878	0.384603606	0.0287873949	0	0	0	0	3
226	190	0	3.01614567	295.710662	295.52576	295.328034	295.710662	0.382627467	0.0287580728	0	0	0	0	3
227	190	0	3.02949145	295.720367	295.536085	295.339475	295.720367	0.380891758	0.028728677	0	0	0	0	3
228	191	0	3.04283723	295.730178	295.546366	295.350914	295.730178	0.379264308	0.0286992442	0	0	0	0	3
229	192	0	3.056183	295.739799	295.5566	295.36238	295.739799	0.377419094	0.0286697131	0	0	0	0	3
230	193	0	3.06952878	295.749476	295.566787	295.3738	295.749476	0.375675553	0.0286401416	0	0	0	0	3
231	194	0	3.08287456	295.758994	295.576924	295.385122	295.758994	0.373871568	0.028610498	0	0	0	0	3
232	195	0	3.09622034	295.768675	295.587017	295.396403	295.768675	0.372271912	0.0285808442	0	0	0	0	3
233	196	0	3.10956611	295.77831	295.597067	295.407753	295.77831	0.370556638	0.0285511573	0	0	0	0	3
234	197	0	3.12291189	295.788165	295.607078	295.419019	295.788165	0.369146254	0.0285214765	0	0	0	0	3
235	198	0	3.13625767	295.797951	295.61705	295.429896	295.797951	0.368054178	0.0284917802	0	0	0	0	3
236	198	0	3.14960345	295.807688	295.626992	295.440595	295.807688	0.367092869	0.0284620676	0	0	0	0	3
237	199	0	3.16294922	295.817372	295.636907	295.451172	295.817372	0.366199589	0.0284323574	0	0	0	0	3
238	200	0	3.176295	295.826981	295.646797	295.461842	295.826981	0.365138501	0.0284026382	0	0	0	0	3
239	201	0	3.18964078	295.836453	295.656655	295.472506	295.836453	0.363946966	0.0283729533	0	0	0	0	3
240	202	0	3.20298656	295.84589	295.666481	295.482918	295.84589	0.362972698	0.028343279	0	0	0	0	3
241	203	0	3.21633233	295.855243	295.676279	295.493382	295.855243	0.361861112	0.028313614	0	0	0	0	3
242	204	0	3.22967811	295.864721	295.686051	295.503881	295.864721	0.360839666	0.0282839867	0	0	0	0	3
243	205	0	3.24302389	295.874191	295.695796	295.514145	295.874191	0.360046027	0.0282544188	0	0	0	0	3
244	206	0	3.25636966	295.88354	295.705517	295.524152	295.88354	0.35938829	0.0282248385	0	0	0	0	3
245	207	0	3.26971544	295.893088	295.715226	295.534179	295.893088	0.358908345	0.0281952797	0	0	0	0	3
246	208	0	3.28306122	295.902637	295.724922	295.544324	295.902637	0.358312793	0.0281657261	0	0	0	0	3
247	209	0	3.296407	295.911996	295.734598	295.55437	295.911996	0.357626236	0.0281361752	0	0	0	0	3
248	209	0	3.30975277	295.92117	295.74425	295.564328	295.92117	0.35684143	0.0281065927	0	0	0	0	3
249	210	0	3.32309855	295.9303	295.753881	295.574482	295.9303	0.355818483	0.028076995	0	0	0	0	3
250	211	0	3.33644433	295.939464	295.763486	295.584627	295.939464	0.354836887	0.0280473818	0	0	0	0	3
251	212	0	3.34979011	295.948515	295.773062	295.594627	295.948515	0.353887657	0.0280177236	0	0	0	0	3
252	213	0	3.36313588	295.957603	295.782614	295.604341	295.957603	0.353262267	0.027988016	0	0	0	0	3
253	214	0	3.37648166	295.966557	295.792146	295.614147	295.966557	0.352409875	0.0279581894	0	0	0	0	3
254	215	0	3.38982744	295.975293	295.80165	295.623814	295.975293	0.351478898	0.0279282378	0	0	0	0	3
255	216	0	3.40317322	295.984003	295.811128	295.63343	295.984003	0.350572803	0.0278980999	0	0	0	0	3
256	217	0	3.41651899	295.992748	295.820584	295.643099	295.992748	0.349648438	0.0278677758	0	0	0	0	3
257	218	0	3.42986477	296.001371	295.830012	295.652885	296.001371	0.348486232	0.0278372681	0	0	0	0	3
258	219	0	3.44321055	296.009998	295.83941	295.66245	296.009998	0.347548446	0.0278065963	0	0	0	0	3
259	219	0	3.45655632	296.01872	295.848785	295.672068	296.01872	0.346651486	0.0277757718	0	0	0	0	3
260	220	0	3.4699021	296.027488	295.858139	295.681576	296.027488	0.345912267	0.0277447903	0	0	0	0	3
261	221	0	3.48324788	296.036006	295.867466	295.691207	296.036006	0.34479894	0.027713629	0	0	0	0	3
262	222	0	3.49659366	296.044505	295.876763	295.700878	296.044505	0.343626533	0.0276822562	0	0	0	0	3
263	223	0	3.50993943	296.052786	295.886024	295.710662	296.052786	0.342124246	0.027650662	0	0	0	0	3
264	224	0	3.52328521	296.061196	295.895248	295.720367	296.061196	0.34082929	0.0276189211	0	0	0	0	3
265	225	0	3.53663099	296.069502	295.904436	295.730178	296.069502	0.339323644	0.0275870196	0	0	0	0	3
266	226	0	3.54997677	296.077819	295.913585	295.739799	296.077819	0.338020158	0.0275549576	0	0	0	0	3
267	227	0	3.56332254	296.086143	295.922699	295.749476	296.086143	0.336667449	0.0275227458	0	0	0	0	3
268	228	0	3.57666832	296.094273	295.931772	295.758994	296.094273	0.335279089	0.0274903716	0	0	0	0	3
269	229	0	3.5900141	296.102289	295.940807	295.768675	296.102289	0.333614547	0.0274578263	0	0	0	0	3
270	230	0	3.60335987	296.110256	295.949796	295.77831	296.110256	0.331945417	0.0274250942	0	0	0	0	3
271	231	0	3.61670565	296.118214	295.95874	295.788165	296.118214	0.330048174	0.0273921898	0	0	0	0	3
272	232	0	3.63005143	296.12611	295.967634	295.797951	296.12611	0.328159769	0.0273591656	0	0	0	0	3
273	233	0	3.64339721	296.133943	295.976476	295.807688	296.133943	0.32625537	0.0273260407	0	0	0	0	3
274	233	0	3.65674298	296.141907	295.985271	295.817372	296.141907	0.32453538	0.0272928548	0	0	0	0	3
275	234	0	3.67008876	296.149842	295.99402	295.826981	296.149842	0.322861431	0.0272595906	0	0	0	0	3
276	235	0	3.68343454	296.157867	296.002728	295.836453	296.157867	0.321413559	0.0272262633	0	0	0	0	3
277	236	0	3.69678032	296.165796	296.011394	295.84589	296.165796	0.319906064	0.0271928975	0	0	0	0	3
278	237	0	3.71012609	296.173807	296.020024	295.855243	296.173807	0.31856425	0.0271594978	0	0	0	0	3
279	238	0	3.72347187	296.181645	296.028613	295.864721	296.181645	0.316924087	0.0271260341	0	0	0	0	3
280	239	0	3.73681765	296.189452	296.037159	295.874191	296.189452	0.315260777	0.0270925374	0	0	0	0	3
281	240	0	3.75016343	296.197322	296.045662	295.88354	296.197322	0.313782559	0.0270590548	0	0	0	0	3
282	241	0	3.7635092	296.205259	296.054129	295.893088	296.205259	0.312171049	0.0270255926	0	0	0	0	3
283	242	0	3.77685498	296.21324	296.062554	295.902637	296.21324	0.310603606	0.0269921402	0	0	0	0	3
284	243	0	3.79020076	296.22125	296.070938	295.911996	296.22125	0.309253598	0.0269587156	0	0	0	0	3
285	243	0	3.80354653	296.229408	296.079291	295.92117	296.229408	0.308238077	0.0269253521	0	0	0	0	3
286	244	0	3.81689231	296.237555	296.087617	295.9303	296.237555	0.30725507	0.0268920197	0	0	0	0	3
287	245	0	3.83023809	296.245642	296.095916	295.939464	296.245642	0.306177817	0.0268587104	0	0	0	0	3
288	246	0	3.84358387	296.253524	296.10418	295.948515	296.253524	0.305009119	0.0268254155	0	0	0	0	3
289	247	0	3.85692964	296.261682	296.112422	295.957603	296.261682	0.304078259	0.0267922136	0	0	0	0	3
290	248	0	3.87027542	296.269827	296.120638	295.966557	296.269827	0.303269617	0.0267590888	0	0	0	0	3
291	249	0	3.8836212	296.277985	296.128834	295.975293	296.277985	0.302692034	0.0267260612	0	0	0	0	3
292	250	0	3.89696698	296.286101	296.137013	295.984003	296.286101	0.302098758	0.0266931308	0	0	0	0	3
293	251	0	3.91031275	296.294156	296.145175	295.992748	296.294156	0.30140876	0.0266602802	0	0	0	0	3
294	252	0	3.92365853	296.302001	296.153313	296.001371	296.302001	0.300629716	0.0266274638	0	0	0	0	3
295	253	0	3.93700431	296.309828	296.16143	296.009998	296.309828	0.299830028	0.0265947087	0	0	0	0	3
296	253	0	3.95035008	296.317566	296.169524	296.01872	296.317566	0.298846086	0.0265619948	0	0	0	0	3
297	254	0	3.96369586	296.325386	296.177594	296.027488	296.325386	0.297897617	0.0265293475	0	0	0	0	3
298	255	0	3.97704164	296.33308	296.185636	296.036006	296.33308	0.297074347	0.0264967325	0	0	0	0	3
299	256	0	3.99038742	296.340851	296.193658	296.044505	296.340851	0.296346617	0.0264641542	0	0	0	0	3
300	257	0	4.00373319	296.348424	296.201656	296.052786	296.348424	0.2956376	0.0264315706	0	0	0	0	3
