Iteration	CPUTime	PhysTime	Travels	Value	AvValue	MinValue	MaxValue	Delta	Criteria	PrevAvRefValue	Progress	CriteriaType	CriteriaVarType	CriteriaPercentage
1	4	0	0.0115067956	0.000100744138	0.000100744138	0.000100744138	0.000100744138	0	0	0	0	0	0	3
2	5	0	0.0230135911	0.000106139208	0.000103441673	0.000100744138	0.000106139208	2.69753508e-06	0	0	0	0	0	3
3	6	0	0.0345203867	0.000108740805	0.00010520805	0.000100744138	0.000108740805	4.46391266e-06	0	0	0	0	0	3
4	7	0	0.0460271823	0.000106160141	0.000105446073	0.000100744138	0.000108740805	4.70193532e-06	0	0	0	0	0	3
5	8	0	0.0575339778	0.000107733112	0.000105903481	0.000100744138	0.000108740805	5.1593431e-06	0	0	0	0	0	3
6	9	0	0.0690407734	0.000105308002	0.000105804234	0.000100744138	0.000108740805	5.1593431e-06	0	0	0	0	0	3
7	10	0	0.080547569	0.000110384364	0.000106458538	0.000100744138	0.000110384364	5.71440091e-06	0	0	0	0	0	3
8	11	0	0.0920543645	0.000108410206	0.000106702497	0.000100744138	0.000110384364	5.9583594e-06	0	0	0	0	0	3
9	12	0	0.10356116	0.000115537761	0.000107684193	0.000100744138	0.000115537761	6.9400554e-06	0	0	0	0	0	3
10	13	0	0.115067956	0.000114039459	0.000108319719	0.000100744138	0.000115537761	7.57558198e-06	0	0	0	0	0	3
11	14	0	0.126574751	0.000122092043	0.000109571749	0.000100744138	0.000122092043	8.82761143e-06	0	0	0	0	0	3
12	14	0	0.138081547	0.000120851072	0.000110511692	0.000100744138	0.000122092043	9.76755498e-06	0	0	0	0	0	3
13	15	0	0.149588342	0.000126010674	0.000111703922	0.000100744138	0.000126010674	1.09597843e-05	0	0	0	0	0	3
14	16	0	0.161095138	0.000124953644	0.000112650331	0.000100744138	0.000126010674	1.1906193e-05	0	0	0	0	0	3
15	17	0	0.172601933	0.000129706405	0.000113787402	0.000100744138	0.000129706405	1.30432646e-05	0	0	0	0	0	3
16	18	0	0.184108729	0.000130270563	0.0001148176	0.000100744138	0.000130270563	1.40734622e-05	0	0	0	0	0	3
17	19	0	0.195615525	0.000136261826	0.000116079025	0.000100744138	0.000136261826	1.53348872e-05	0	0	0	0	0	3
18	20	0	0.20712232	0.000138067991	0.000117300634	0.000100744138	0.000138067991	1.65564965e-05	0	0	0	0	0	3
19	21	0	0.218629116	0.00014367176	0.000118688588	0.000100744138	0.00014367176	1.79444505e-05	0	0	0	0	0	3
20	22	0	0.230135911	0.00014574748	0.000120041533	0.000100744138	0.00014574748	1.92973951e-05	0	0	0	0	0	3
21	23	0	0.241642707	0.000152950601	0.000121608631	0.000100744138	0.000152950601	2.08644936e-05	0	0	0	0	0	3
22	24	0	0.253149502	0.000157319197	0.000123231839	0.000100744138	0.000157319197	2.24877011e-05	0	0	0	0	0	3
23	25	0	0.264656298	0.000164922098	0.000125044459	0.000100744138	0.000164922098	2.43003211e-05	0	0	0	0	0	3
24	26	0	0.276163094	0.000170216415	0.000126926623	0.000100744138	0.000170216415	2.61824859e-05	0	0	0	0	0	3
25	27	0	0.287669889	0.000177654077	0.000128955722	0.000100744138	0.000177654077	2.8211584e-05	0	0	0	0	0	3
26	28	0	0.299176685	0.000186457211	0.000131167317	0.000100744138	0.000186457211	3.04231798e-05	0	0	0	0	0	3
27	29	0	0.31068348	0.000196002383	0.000133568616	0.000100744138	0.000196002383	3.28244785e-05	0	0	0	0	0	3
28	30	0	0.322190276	0.000202771599	0.000136040151	0.000100744138	0.000202771599	3.52960136e-05	0	0	0	0	0	3
29	31	0	0.333697071	0.000209553315	0.000138575088	0.000100744138	0.000209553315	3.78309503e-05	0	0	0	0	0	3
30	32	0	0.345203867	0.000214581686	0.000141108641	0.000100744138	0.000214581686	4.03645036e-05	0	0	0	0	0	3
31	33	0	0.356710663	0.000222582464	0.000143736829	0.000100744138	0.000222582464	4.29926914e-05	0	0	0	0	0	3
32	34	0	0.368217458	0.00022802314	0.000146370776	0.000100744138	0.00022802314	4.56266387e-05	0	0	0	0	0	3
33	35	0	0.379724254	0.000233662516	0.00014901598	0.000100744138	0.000233662516	4.82718429e-05	0	0	0	0	0	3
34	36	0	0.391231049	0.000238539719	0.000151649032	0.000100744138	0.000238539719	5.0904894e-05	0	0	0	0	0	3
35	37	0	0.402737845	0.000241887761	0.000154227281	0.000100744138	0.000241887761	5.34831434e-05	0	0	0	0	0	3
36	38	0	0.41424464	0.00024638839	0.000156787312	0.000100744138	0.00024638839	5.60431742e-05	0	0	0	0	0	3
37	39	0	0.425751436	0.000249837255	0.000159302175	0.000100744138	0.000249837255	5.85580376e-05	0	0	0	0	0	3
38	40	0	0.437258232	0.0002543533	0.00016180352	0.000100744138	0.0002543533	6.10593829e-05	0	0	0	0	0	3
39	41	0	0.448765027	0.00025805008	0.000164271381	0.000100744138	0.00025805008	6.35272434e-05	0	0	0	0	0	3
40	42	0	0.460271823	0.000262263134	0.000166721175	0.000100744138	0.000262263134	6.59770373e-05	0	0	0	0	0	3
41	43	0	0.471778618	0.000266375705	0.000169151773	0.000100744138	0.000266375705	6.84076355e-05	0	0	0	0	0	3
42	44	0	0.483285414	0.000271047497	0.000171577862	0.000100744138	0.000271047497	7.08337242e-05	0	0	0	0	0	3
43	45	0	0.494792209	0.000274873089	0.000173980076	0.000100744138	0.000274873089	7.32359388e-05	0	0	0	0	0	3
44	46	0	0.506299005	0.000277941666	0.00017634284	0.000100744138	0.000277941666	7.55987022e-05	0	0	0	0	0	3
45	47	0	0.5178058	0.000281216443	0.000180444483	0.000105308002	0.000281216443	7.70028104e-05	0	0	0	0	0	3
46	48	0	0.529312596	0.000284833926	0.000184505727	0.000105308002	0.000284833926	7.92976764e-05	0	0	0	0	0	3
47	49	0	0.540819392	0.000289161931	0.000188606207	0.000105308002	0.000289161931	8.31601339e-05	0	0	0	0	0	3
48	50	0	0.552326187	0.000291782027	0.000192824886	0.000105308002	0.000291782027	8.70206519e-05	0	0	0	0	0	3
49	51	0	0.563832983	0.000294621852	0.000197072357	0.000105308002	0.000294621852	9.12681232e-05	0	0	0	0	0	3
50	52	0	0.575339778	0.000299306679	0.000201481418	0.000108410206	0.000299306679	9.50228798e-05	0	0	0	0	0	3
51	53	0	0.586846574	0.000301440127	0.000205823595	0.000108410206	0.000301440127	9.91210977e-05	0	0	0	0	0	3
52	54	0	0.598353369	0.000304929562	0.000210289944	0.000114039459	0.000304929562	0.000102605751	0	0	0	0	0	3
53	55	0	0.609860165	0.000305991508	0.000214618438	0.000114039459	0.000305991508	0.000106298718	0	0	0	0	0	3
54	57	0	0.621366961	0.000309432663	0.000219059193	0.000120851072	0.000309432663	0.000109487444	0	0	0	0	0	3
55	58	0	0.632873756	0.000310767874	0.00022334728	0.000120851072	0.000310767874	0.000112835587	0	0	0	0	0	3
56	59	0	0.644380552	0.000313949149	0.000227735872	0.000124953644	0.000313949149	0.00011603195	0	0	0	0	0	3
57	60	0	0.655887347	0.000314571209	0.000232021339	0.000124953644	0.000314571209	0.000119371008	0	0	0	0	0	3
58	61	0	0.667394143	0.000317262901	0.000236392004	0.000129706405	0.000317262901	0.000122604602	0	0	0	0	0	3
59	62	0	0.678900938	0.00031887101	0.000240691199	0.000130270563	0.00031887101	0.0001258736	0	0	0	0	0	3
60	63	0	0.690407734	0.000320346382	0.000245011104	0.000136261826	0.000320346382	0.00012893208	0	0	0	0	0	3
61	64	0	0.70191453	0.00032122877	0.000249214899	0.000138067991	0.00032122877	0.000131914265	0	0	0	0	0	3
62	65	0	0.713421325	0.000323894858	0.000253438237	0.00014367176	0.000323894858	0.000134749649	0	0	0	0	0	3
63	66	0	0.724928121	0.000324039198	0.000257537497	0.00014574748	0.000324039198	0.000137495964	0	0	0	0	0	3
64	67	0	0.736434916	0.000325604326	0.000261625152	0.000152950601	0.000325604326	0.000140016521	0	0	0	0	0	3
65	68	0	0.747941712	0.000326149516	0.000265561491	0.000157319197	0.000326149516	0.000142329652	0	0	0	0	0	3
66	69	0	0.759448507	0.000327744316	0.000269434789	0.000164922098	0.000327744316	0.000144390331	0	0	0	0	0	3
67	70	0	0.770955303	0.000328537537	0.000273153322	0.000170216415	0.000328537537	0.000146226699	0	0	0	0	0	3
68	71	0	0.782462098	0.000330243351	0.000276790298	0.000177654077	0.000330243351	0.000147834576	0	0	0	0	0	3
69	72	0	0.793968894	0.000330938664	0.000280274038	0.000186457211	0.000330938664	0.000144481453	0	0	0	0	0	3
70	73	0	0.80547569	0.000332105718	0.000283584232	0.000196002383	0.000332105718	0.000136103335	0	0	0	0	0	3
71	74	0	0.816982485	0.000333305811	0.000286704764	0.000202771599	0.000333305811	0.000130534212	0	0	0	0	0	3
72	75	0	0.828489281	0.000334522838	0.000289699111	0.000209553315	0.000334522838	0.000124969522	0	0	0	0	0	3
73	76	0	0.839996076	0.000335091666	0.000292552255	0.000214581686	0.000335091666	0.00012050998	0	0	0	0	0	3
74	77	0	0.851502872	0.000336611528	0.00029532566	0.000222582464	0.000336611528	0.000114029064	0	0	0	0	0	3
75	79	0	0.863009667	0.00033565812	0.000297895562	0.00022802314	0.000336611528	0.000108588388	0	0	0	0	0	3
76	80	0	0.874516463	0.000336517261	0.000300361337	0.000233662516	0.000336611528	0.000102949013	0	0	0	0	0	3
77	81	0	0.886023259	0.00033639374	0.000302696138	0.000238539719	0.000336611528	9.80718095e-05	0	0	0	0	0	3
78	82	0	0.897530054	0.000337236677	0.00030493925	0.000241887761	0.000337236677	9.53489163e-05	0	0	0	0	0	3
79	83	0	0.90903685	0.000336949113	0.000307099736	0.00024638839	0.000337236677	9.08482865e-05	0	0	0	0	0	3
80	84	0	0.920543645	0.000337970061	0.000309181137	0.000249837255	0.000337970061	8.81328059e-05	0	0	0	0	0	3
81	85	0	0.932050441	0.000337532063	0.000311174201	0.0002543533	0.000337970061	8.36167611e-05	0	0	0	0	0	3
82	86	0	0.943557236	0.000337923069	0.000313073514	0.00025805008	0.000337970061	7.99199813e-05	0	0	0	0	0	3
83	87	0	0.955064032	0.000337148136	0.000314871197	0.000262263134	0.000337970061	7.57069273e-05	0	0	0	0	0	3
84	88	0	0.966570828	0.000337312541	0.000316576865	0.000266375705	0.000337970061	7.15943563e-05	0	0	0	0	0	3
85	89	0	0.978077623	0.000336385962	0.000318168008	0.000271047497	0.000337970061	6.69225638e-05	0	0	0	0	0	3
86	90	0	0.989584419	0.000336634019	0.00031965861	0.000274873089	0.000337970061	6.30969718e-05	0	0	0	0	0	3
87	91	0	1.00109121	0.000336021078	0.000321048337	0.000277941666	0.000337970061	6.00283948e-05	6.97986177e-06	0	11.6	0	0	3
88	92	0	1.01259801	0.00033665205	0.000322382664	0.000281216443	0.000337970061	5.67536178e-05	6.97986177e-06	0	12.2	0	0	3
89	93	0	1.02410481	0.000334869812	0.000323602059	0.000284833926	0.000337970061	5.31361349e-05	6.97986177e-06	0	13.1	0	0	3
90	95	0	1.0356116	0.000335510713	0.000324753804	0.000289161931	0.000337970061	4.88081296e-05	6.97986177e-06	0	14.3	0	0	3
91	96	0	1.0471184	0.000335103449	0.00032579793	0.000291782027	0.000337970061	4.61880337e-05	6.97986177e-06	0	15.1	0	0	3
92	97	0	1.05862519	0.000335644697	0.000326794809	0.000294621852	0.000337970061	4.33482088e-05	6.97986177e-06	0	16.1	0	0	3
93	98	0	1.07013199	0.000334217347	0.000327694706	0.000299306679	0.000337970061	3.86633821e-05	6.97986177e-06	0	18	0	0	3
94	99	0	1.08163878	0.00033431727	0.000328490401	0.000301440127	0.000337970061	3.6529934e-05	6.97986177e-06	0	19.1	0	0	3
95	100	0	1.09314558	0.000332890582	0.000329205185	0.000304929562	0.000337970061	3.30404985e-05	6.97986177e-06	0	21.1	0	0	3
96	101	0	1.10465237	0.000333928011	0.00032986424	0.000305991508	0.000337970061	3.19785525e-05	6.97986177e-06	0	21.8	0	0	3
97	102	0	1.11615917	0.000332974759	0.000330477496	0.000309432663	0.000337970061	2.85373979e-05	6.97986177e-06	0	24.4	0	0	3
98	103	0	1.12766597	0.000332746272	0.000331007351	0.000310767874	0.000337970061	2.72021866e-05	6.97986177e-06	0	25.6	0	0	3
99	104	0	1.13917276	0.00033233151	0.000331497433	0.000313949149	0.000337970061	2.40209114e-05	6.97986177e-06	0	29	0	0	3
100	105	0	1.15067956	0.00033279147	0.000331925668	0.000314571209	0.000337970061	2.33988516e-05	6.97986177e-06	0	29.8	0	0	3
101	107	0	1.16218635	0.000331594481	0.00033231256	0.000317262901	0.000337970061	2.07071595e-05	6.97986177e-06	0	33.7	0	0	3
102	108	0	1.17369315	0.000332059033	0.000332648836	0.00031887101	0.000337970061	1.90990506e-05	6.97986177e-06	0	36.5	0	0	3
103	109	0	1.18519994	0.000331184077	0.000332928678	0.000320346382	0.000337970061	1.76236785e-05	6.97986177e-06	0	39.6	0	0	3
104	110	0	1.19670674	0.000331110734	0.000333173323	0.00032122877	0.000337970061	1.67412913e-05	6.97986177e-06	0	41.6	0	0	3
105	111	0	1.20821353	0.000331072683	0.000333397048	0.000323894858	0.000337970061	1.4075203e-05	6.97986177e-06	0	49.5	0	0	3
106	112	0	1.21972033	0.000331143722	0.000333561795	0.000324039198	0.000337970061	1.39308624e-05	6.97986177e-06	0	50.1	0	0	3
107	113	0	1.23122713	0.00033027224	0.000333703455	0.000325604326	0.000337970061	1.2365735e-05	6.97986177e-06	0	56.4	0	0	3
108	114	0	1.24273392	0.000331003055	0.000333826154	0.000326149516	0.000337970061	1.18205446e-05	6.97986177e-06	0	59	0	0	3
109	115	0	1.25424072	0.000330095415	0.000333915833	0.000327744316	0.000337970061	1.0225745e-05	6.97986177e-06	0	68.2	0	0	3
110	116	0	1.26574751	0.000329898469	0.000333964791	0.000328537537	0.000337970061	9.43252342e-06	6.97986177e-06	0	73.9	0	0	3
111	117	0	1.27725431	0.000329419161	0.000333984828	0.000329419161	0.000337970061	8.55090029e-06	6.97986177e-06	0	81.6	0	0	3
112	118	0	1.2887611	0.000330025362	0.000333979874	0.000329419161	0.000337970061	8.55090029e-06	6.97986177e-06	0	81.6	0	0	3
113	119	0	1.3002679	0.000328983887	0.000333935447	0.000328983887	0.000337970061	8.98617415e-06	6.97986177e-06	0	77.6	0	0	3
114	120	0	1.31177469	0.000329182618	0.000333869013	0.000328983887	0.000337970061	8.98617415e-06	6.97986177e-06	0	77.6	0	0	3
115	121	0	1.32328149	0.000328321733	0.000333755738	0.000328321733	0.000337970061	9.64832751e-06	6.97986177e-06	0	72.3	0	0	3
116	122	0	1.33478829	0.000328617145	0.000333621518	0.000328321733	0.000337970061	9.64832751e-06	6.97986177e-06	0	72.3	0	0	3
117	123	0	1.34629508	0.000327702139	0.000333453574	0.000327702139	0.000337970061	1.02679221e-05	6.97986177e-06	0	67.9	0	0	3
118	125	0	1.35780188	0.000328104754	0.000333260238	0.000327702139	0.000337970061	1.02679221e-05	6.97986177e-06	0	67.9	0	0	3
119	126	0	1.36930867	0.000326835801	0.000333059731	0.000326835801	0.000337970061	1.11342598e-05	6.97986177e-06	0	62.6	0	0	3
120	127	0	1.38081547	0.000327236751	0.000332848811	0.000326835801	0.000337970061	1.11342598e-05	6.97986177e-06	0	62.6	0	0	3
121	128	0	1.39232226	0.000326162285	0.000332616277	0.000326162285	0.000337970061	1.18077757e-05	6.97986177e-06	0	59.1	0	0	3
122	129	0	1.40382906	0.000326254469	0.000332366682	0.000326162285	0.000337970061	1.18077757e-05	6.97986177e-06	0	59.1	0	0	3
123	130	0	1.41533585	0.000325433228	0.000332104957	0.000325433228	0.000337970061	1.25368331e-05	6.97986177e-06	0	55.6	0	0	3
124	131	0	1.42684265	0.000324999885	0.00033181018	0.000324999885	0.000337923069	1.29231843e-05	6.97986177e-06	0	54	0	0	3
125	132	0	1.43834945	0.000323736193	0.000331496638	0.000323736193	0.000337923069	1.41868766e-05	6.97986177e-06	0	49.1	0	0	3
126	133	0	1.44985624	0.000324442861	0.00033119027	0.000323736193	0.000337312541	1.35763488e-05	6.97986177e-06	0	51.4	0	0	3
127	134	0	1.46136304	0.000323111685	0.000330871259	0.000323111685	0.000337312541	1.42008561e-05	6.97986177e-06	0	49.1	0	0	3
128	136	0	1.47286983	0.000323351523	0.000330553963	0.000323111685	0.00033665205	1.35403645e-05	6.97986177e-06	0	51.5	0	0	3
129	137	0	1.48437663	0.000321795665	0.000330222366	0.000321795665	0.00033665205	1.43262175e-05	6.97986177e-06	0	48.7	0	0	3
130	138	0	1.49588342	0.00032198212	0.000329889368	0.000321795665	0.00033665205	1.29364905e-05	6.97986177e-06	0	53.9	0	0	3
131	139	0	1.50739022	0.000320332655	0.000329532813	0.000320332655	0.00033665205	1.16021636e-05	6.97986177e-06	0	60.1	0	0	3
132	140	0	1.51889701	0.00032025635	0.000329160183	0.00032025635	0.000335644697	1.03827688e-05	6.97986177e-06	0	67.2	0	0	3
133	141	0	1.53040381	0.000319536863	0.000328811707	0.000319536863	0.000335644697	9.23102364e-06	6.97986177e-06	0	75.6	0	0	3
134	142	0	1.54191061	0.0003190885	0.000328438475	0.0003190885	0.000335644697	8.18689824e-06	6.97986177e-06	0	85.2	0	0	3
135	143	0	1.5534174	0.000318379333	0.000328058382	0.000318379333	0.000335644697	7.19001939e-06	6.97986177e-06	0	97	0	0	3
136	144	0	1.5649242	0.000318347662	0.000327665267	0.000318347662	0.00033431727	6.31956069e-06	6.97986177e-06	0	100	0	0	3
137	146	0	1.57643099	0.000317556234	0.000327286606	0.000317556234	0.00033431727	6.69822234e-06	6.97986177e-06	0	100	0	0	3
138	147	0	1.58793779	0.000317261576	0.000326898976	0.000317261576	0.000333928011	7.08585174e-06	6.97986177e-06	0	98.5	0	0	3
139	148	0	1.59944458	0.000316404896	0.000326524302	0.000316404896	0.000333928011	7.46052643e-06	6.97986177e-06	0	93.5	0	0	3
140	149	0	1.61095138	0.000316196889	0.000326121321	0.000316196889	0.000332974759	7.86350648e-06	6.97986177e-06	0	88.7	0	0	3
141	150	0	1.62245817	0.000315312004	0.000325719895	0.000315312004	0.00033279147	8.26493275e-06	6.97986177e-06	0	84.4	0	0	3
142	151	0	1.63396497	0.000316026459	0.000325339899	0.000315312004	0.00033279147	8.64492849e-06	6.97986177e-06	0	80.7	0	0	3
143	152	0	1.64547177	0.000314634162	0.000324937687	0.000314634162	0.00033279147	9.04714095e-06	6.97986177e-06	0	77.1	0	0	3
144	154	0	1.65697856	0.000314800016	0.00032452879	0.000314634162	0.000332059033	9.45603764e-06	6.97986177e-06	0	73.8	0	0	3
145	155	0	1.66848536	0.000313711503	0.000324122359	0.000313711503	0.000332059033	9.86246896e-06	6.97986177e-06	0	70.7	0	0	3
146	156	0	1.67999215	0.000313697589	0.000323705053	0.000313697589	0.000331184077	1.02797745e-05	6.97986177e-06	0	67.8	0	0	3
147	157	0	1.69149895	0.000312753937	0.000323286187	0.000312753937	0.000331143722	1.06986413e-05	6.97986177e-06	0	65.2	0	0	3
148	159	0	1.70300574	0.000312791112	0.000322869832	0.000312753937	0.000331143722	1.11149964e-05	6.97986177e-06	0	62.7	0	0	3
149	160	0	1.71451254	0.000311991855	0.000322436176	0.000311991855	0.000331143722	1.15486516e-05	6.97986177e-06	0	60.4	0	0	3
150	161	0	1.72601933	0.000312233233	0.000322006393	0.000311991855	0.000331003055	1.19784354e-05	6.97986177e-06	0	58.2	0	0	3
151	162	0	1.73752613	0.000311057862	0.000321569702	0.000311057862	0.000331003055	1.24151258e-05	6.97986177e-06	0	56.2	0	0	3
152	163	0	1.74903293	0.000311822097	0.000321133771	0.000311057862	0.000330095415	1.28510567e-05	6.97986177e-06	0	54.3	0	0	3
153	164	0	1.76053972	0.000310861376	0.000320696634	0.000310861376	0.000330025362	1.32881939e-05	6.97986177e-06	0	52.5	0	0	3
154	166	0	1.77204652	0.000310577667	0.000320257525	0.000310577667	0.000330025362	1.37273031e-05	6.97986177e-06	0	50.8	0	0	3
155	167	0	1.78355331	0.000310704089	0.000319832182	0.000310577667	0.000330025362	1.41476913e-05	6.97986177e-06	0	49.3	0	0	3
156	168	0	1.79506011	0.000310524714	0.000319388986	0.000310524714	0.000329182618	1.45464611e-05	6.97986177e-06	0	47.9	0	0	3
157	169	0	1.8065669	0.000309416472	0.000318944272	0.000309416472	0.000329182618	1.4924741e-05	6.97986177e-06	0	46.7	0	0	3
158	170	0	1.8180737	0.000309744863	0.000318502505	0.000309416472	0.000328617145	1.52532337e-05	6.97986177e-06	0	45.7	0	0	3
159	171	0	1.82958049	0.000309195946	0.000318067828	0.000309195946	0.000328617145	1.55536903e-05	6.97986177e-06	0	44.8	0	0	3
160	172	0	1.84108729	0.000309194681	0.000317626408	0.000309194681	0.000328104754	1.58271662e-05	6.97986177e-06	0	44.1	0	0	3
161	174	0	1.85259409	0.000308371388	0.000317187073	0.000308371388	0.000328104754	1.60731656e-05	6.97986177e-06	0	43.4	0	0	3
162	175	0	1.86410088	0.000308420512	0.000316739704	0.000308371388	0.000327236751	1.63200275e-05	6.97986177e-06	0	42.7	0	0	3
163	176	0	1.87560768	0.000307534025	0.000316301027	0.000307534025	0.000327236751	1.65477836e-05	6.97986177e-06	0	42.1	0	0	3
164	177	0	1.88711447	0.000307223945	0.00031584619	0.000307223945	0.000326254469	1.6770087e-05	6.97986177e-06	0	41.6	0	0	3
165	178	0	1.89862127	0.000306704839	0.000315403976	0.000306704839	0.000326254469	1.69627061e-05	6.97986177e-06	0	41.1	0	0	3
166	179	0	1.91012806	0.000306860022	0.000314963193	0.000306704839	0.000325433228	1.71417643e-05	6.97986177e-06	0	40.7	0	0	3
167	180	0	1.92163486	0.000305702413	0.000314514765	0.000305702413	0.000324999885	1.72954152e-05	6.97986177e-06	0	40.3	0	0	3
168	182	0	1.93314166	0.00030658073	0.000314096148	0.000305702413	0.000324442861	1.74004898e-05	6.97986177e-06	0	40.1	0	0	3
169	183	0	1.94464845	0.000305388976	0.000313679166	0.000305388976	0.000324442861	1.75111037e-05	6.97986177e-06	0	39.8	0	0	3
170	184	0	1.95615525	0.000305932236	0.00031325847	0.000305388976	0.000323351523	1.76127895e-05	6.97986177e-06	0	39.6	0	0	3
171	185	0	1.96766204	0.000304831567	0.000312843013	0.000304831567	0.000323351523	1.77109508e-05	6.97986177e-06	0	39.4	0	0	3
172	186	0	1.97916884	0.000305532653	0.000312438038	0.000304831567	0.00032198212	1.71505528e-05	6.97986177e-06	0	40.6	0	0	3
173	187	0	1.99067563	0.000304061936	0.000312034999	0.000304061936	0.00032198212	1.78543691e-05	6.97986177e-06	0	39	0	0	3
174	189	0	2.00218243	0.000304621594	0.000311640442	0.000304061936	0.000320332655	1.62707191e-05	6.97986177e-06	0	42.8	0	0	3
175	190	0	2.01368922	0.000303718446	0.000311262846	0.000303718446	0.00032025635	1.6537904e-05	6.97986177e-06	0	42.2	0	0	3
176	191	0	2.02519602	0.000303742895	0.00031088754	0.000303718446	0.000319536863	1.58184179e-05	6.97986177e-06	0	44.1	0	0	3
177	192	0	2.03670282	0.000303455981	0.000310522066	0.000303455981	0.0003190885	1.56325198e-05	6.97986177e-06	0	44.6	0	0	3
178	193	0	2.04820961	0.00030356951	0.000310169361	0.000303455981	0.000318379333	1.49233523e-05	6.97986177e-06	0	46.7	0	0	3
179	195	0	2.05971641	0.000302833929	0.000309816057	0.000302833929	0.000318347662	1.55137337e-05	6.97986177e-06	0	44.9	0	0	3
180	196	0	2.0712232	0.000302886656	0.00030946467	0.000302833929	0.000317556234	1.47223055e-05	6.97986177e-06	0	47.4	0	0	3
181	197	0	2.08273	0.000302242076	0.000309116621	0.000302242076	0.000317261576	1.50195001e-05	6.97986177e-06	0	46.4	0	0	3
182	198	0	2.09423679	0.000302323392	0.000308777117	0.000302242076	0.000316404896	1.41628198e-05	6.97986177e-06	0	49.2	0	0	3
183	199	0	2.10574359	0.000301747114	0.000308443985	0.000301747114	0.000316196889	1.44497748e-05	6.97986177e-06	0	48.3	0	0	3
184	200	0	2.11725038	0.000301247006	0.000308104215	0.000301247006	0.000316026459	1.4779453e-05	6.97986177e-06	0	47.2	0	0	3
185	201	0	2.12875718	0.000301228522	0.000307784136	0.000301228522	0.000316026459	1.47979373e-05	6.97986177e-06	0	47.1	0	0	3
186	203	0	2.14026398	0.000301300294	0.000307449451	0.000301228522	0.000314800016	1.35714938e-05	6.97986177e-06	0	51.4	0	0	3
187	204	0	2.15177077	0.000300310145	0.000307123905	0.000300310145	0.000314800016	1.44898703e-05	6.97986177e-06	0	48.1	0	0	3
188	205	0	2.16327757	0.00030115967	0.000306813897	0.000300310145	0.000313711503	1.34013571e-05	6.97986177e-06	0	52	0	0	3
189	206	0	2.17478436	0.000300276498	0.000306508556	0.000300276498	0.000313697589	1.34210906e-05	6.97986177e-06	0	52	0	0	3
190	207	0	2.18629116	0.000300389642	0.000306206103	0.000300276498	0.000312791112	1.25146139e-05	6.97986177e-06	0	55.7	0	0	3
191	208	0	2.19779795	0.000300176272	0.000305920247	0.000300176272	0.000312791112	1.26148405e-05	6.97986177e-06	0	55.3	0	0	3
192	210	0	2.20930475	0.000300403175	0.000305638703	0.000300176272	0.000312233233	1.20569612e-05	6.97986177e-06	0	57.8	0	0	3
193	211	0	2.22081154	0.000299703629	0.000305359425	0.000299703629	0.000312233233	1.2529604e-05	6.97986177e-06	0	55.7	0	0	3
194	212	0	2.23231834	0.000299838955	0.000305077737	0.000299703629	0.000311822097	1.21184681e-05	6.97986177e-06	0	57.5	0	0	3
195	213	0	2.24382514	0.000299491239	0.000304814859	0.000299491239	0.000311822097	1.23308579e-05	6.97986177e-06	0	56.6	0	0	3
196	214	0	2.25533193	0.000298857088	0.000304520199	0.000298857088	0.000310861376	1.20042882e-05	6.97986177e-06	0	58.1	0	0	3
197	215	0	2.26683873	0.000298474974	0.00030423869	0.000298474974	0.000310704089	1.22291146e-05	6.97986177e-06	0	57	0	0	3
198	217	0	2.27834552	0.000299107212	0.000303977998	0.000298474974	0.000310704089	1.22291146e-05	6.97986177e-06	0	57	0	0	3
199	218	0	2.28985232	0.000297937618	0.000303687851	0.000297937618	0.000310524714	1.25870957e-05	6.97986177e-06	0	55.4	0	0	3
200	219	0	2.30135911	0.000298722323	0.000303419615	0.000297937618	0.000309744863	1.18072444e-05	6.97986177e-06	0	59.1	0	0	3
201	221	0	2.31286591	0.000297807883	0.000303155783	0.000297807883	0.000309744863	1.19369793e-05	6.97986177e-06	0	58.4	0	0	3
202	222	0	2.3243727	0.000297871498	0.000302885934	0.000297807883	0.000309195946	1.13880628e-05	6.97986177e-06	0	61.2	0	0	3
203	223	0	2.3358795	0.000297667833	0.000302623932	0.000297667833	0.000309194681	1.15268479e-05	6.97986177e-06	0	60.5	0	0	3
204	224	0	2.3473863	0.000297858525	0.000302366292	0.000297667833	0.000308420512	1.07526789e-05	6.97986177e-06	0	64.9	0	0	3
205	225	0	2.35889309	0.000297103013	0.000302110192	0.000297103013	0.000308420512	1.13174988e-05	6.97986177e-06	0	61.6	0	0	3
206	227	0	2.37039989	0.00029757597	0.000301863725	0.000297103013	0.000307534025	1.04310116e-05	6.97986177e-06	0	66.9	0	0	3
207	228	0	2.38190668	0.000297074633	0.000301626012	0.000297074633	0.000307223945	1.01493115e-05	6.97986177e-06	0	68.7	0	0	3
208	229	0	2.39341348	0.00029705275	0.000301394848	0.00029705275	0.000306860022	9.80727218e-06	6.97986177e-06	0	71.1	0	0	3
209	230	0	2.40492027	0.000296496253	0.000301162835	0.000296496253	0.000306860022	1.03637696e-05	6.97986177e-06	0	67.3	0	0	3
210	231	0	2.41642707	0.00029766811	0.000300953928	0.000296496253	0.00030658073	1.00844769e-05	6.97986177e-06	0	69.2	0	0	3
211	232	0	2.42793386	0.000296499212	0.000300744764	0.000296496253	0.00030658073	1.00844769e-05	6.97986177e-06	0	69.2	0	0	3
212	233	0	2.43944066	0.000296672053	0.000300519567	0.000296496253	0.000305932236	9.4359829e-06	6.97986177e-06	0	73.9	0	0	3
213	235	0	2.45094746	0.000296008468	0.000300306374	0.000296008468	0.000305932236	9.92376773e-06	6.97986177e-06	0	70.3	0	0	3
214	236	0	2.46245425	0.000297180114	0.000300107462	0.000296008468	0.000305532653	9.52418496e-06	6.97986177e-06	0	73.2	0	0	3
215	237	0	2.47396105	0.000295779511	0.000299901733	0.000295779511	0.000305532653	9.75314205e-06	6.97986177e-06	0	71.5	0	0	3
216	238	0	2.48546784	0.000295903377	0.000299682886	0.000295779511	0.000304621594	8.84208287e-06	6.97986177e-06	0	78.9	0	0	3
217	239	0	2.49697464	0.000295359565	0.000299485105	0.000295359565	0.000304621594	9.26202898e-06	6.97986177e-06	0	75.3	0	0	3
218	240	0	2.50848143	0.000295898982	0.000299286864	0.000295359565	0.000303742895	8.38333052e-06	6.97986177e-06	0	83.2	0	0	3
219	241	0	2.51998823	0.000295259042	0.000299094605	0.000295259042	0.000303742895	8.48385344e-06	6.97986177e-06	0	82.2	0	0	3
220	243	0	2.53149502	0.000295667204	0.000298911066	0.000295259042	0.00030356951	8.31046798e-06	6.97986177e-06	0	83.9	0	0	3
221	244	0	2.54300182	0.000294556645	0.000298708809	0.000294556645	0.00030356951	9.01286503e-06	6.97986177e-06	0	77.4	0	0	3
222	245	0	2.55450862	0.000295586489	0.000298527376	0.000294556645	0.000302886656	8.33001082e-06	6.97986177e-06	0	83.7	0	0	3
223	246	0	2.56601541	0.000294872105	0.000298346426	0.000294556645	0.000302886656	8.33001082e-06	6.97986177e-06	0	83.7	0	0	3
224	247	0	2.57752221	0.000295390164	0.000298176051	0.000294556645	0.000302323392	7.7667472e-06	6.97986177e-06	0	89.8	0	0	3
225	248	0	2.589029	0.000294380395	0.000297997376	0.000294380395	0.000302323392	7.94299677e-06	6.97986177e-06	0	87.8	0	0	3
226	249	0	2.6005358	0.000295170288	0.000297834806	0.000294380395	0.000301747114	7.36671878e-06	6.97986177e-06	0	94.7	0	0	3
227	251	0	2.61204259	0.000294164188	0.000297662467	0.000294164188	0.000301300294	7.13610605e-06	6.97986177e-06	0	97.8	0	0	3
228	252	0	2.62354939	0.000294522759	0.000297509643	0.000294164188	0.000301300294	7.13610605e-06	6.97986177e-06	0	97.8	0	0	3
229	253	0	2.63505618	0.000293961248	0.000297344478	0.000293961248	0.000301300294	7.33904626e-06	6.97986177e-06	0	95.1	0	0	3
230	254	0	2.64656298	0.000294225338	0.000297183683	0.000293961248	0.00030115967	7.19842171e-06	6.97986177e-06	0	96.9	0	0	3
231	255	0	2.65806978	0.000293504365	0.000297029006	0.000293504365	0.00030115967	7.65530421e-06	6.97986177e-06	0	91.1	0	0	3
232	256	0	2.66957657	0.000294134035	0.000296869333	0.000293504365	0.000300403175	6.89880978e-06	6.97986177e-06	0	100	0	0	3
233	258	0	2.68108337	0.000293878055	0.000296723914	0.000293504365	0.000300403175	6.89880978e-06	6.97986177e-06	0	100	0	0	3
234	259	0	2.69259016	0.000294160932	0.000296582352	0.000293504365	0.000300403175	6.89880978e-06	6.97986177e-06	0	100	0	0	3
235	260	0	2.70409696	0.000293325812	0.00029642666	0.000293325812	0.000300403175	7.07736352e-06	6.97986177e-06	0	98.6	0	0	3
236	261	0	2.71560375	0.000293703757	0.0002962744	0.000293325812	0.000299838955	6.51314304e-06	6.97986177e-06	0	100	0	0	3
237	262	0	2.72711055	0.000293324011	0.000296129409	0.000293324011	0.000299838955	6.51494354e-06	6.97986177e-06	0	100	0	0	3
238	263	0	2.73861734	0.000293556996	0.000295986637	0.000293324011	0.000299491239	6.16722816e-06	6.97986177e-06	0	100	0	0	3
239	265	0	2.75012414	0.000292665526	0.000295831507	0.000292665526	0.000299107212	6.44168566e-06	6.97986177e-06	0	100	0	0	3
240	266	0	2.76163094	0.000293576513	0.000295711494	0.000292665526	0.000299107212	6.44168566e-06	6.97986177e-06	0	100	0	0	3
241	267	0	2.77313773	0.000292561916	0.000295577106	0.000292561916	0.000299107212	6.54529571e-06	6.97986177e-06	0	100	0	0	3
242	268	0	2.78464453	0.000293178097	0.000295442354	0.000292561916	0.000298722323	6.16040691e-06	6.97986177e-06	0	100	0	0	3
243	269	0	2.79615132	0.000292177289	0.000295311437	0.000292177289	0.000298722323	6.545034e-06	6.97986177e-06	0	100	0	0	3
244	270	0	2.80765812	0.000292523218	0.000295170549	0.000292177289	0.000297871498	5.69420907e-06	6.97986177e-06	0	100	0	0	3
245	271	0	2.81916491	0.000292576399	0.000295051651	0.000292177289	0.000297871498	5.69420907e-06	6.97986177e-06	0	100	0	0	3
246	273	0	2.83067171	0.000292526231	0.000294930168	0.000292177289	0.000297858525	5.68123645e-06	6.97986177e-06	0	100	0	0	3
247	274	0	2.8421785	0.000291510353	0.000294790225	0.000291510353	0.000297858525	6.34817205e-06	6.97986177e-06	0	100	0	0	3
248	275	0	2.8536853	0.000292634814	0.000294671504	0.000291510353	0.00029766811	6.15775637e-06	6.97986177e-06	0	100	0	0	3
249	276	0	2.8651921	0.000291655609	0.0002945477	0.000291510353	0.00029766811	6.15775637e-06	6.97986177e-06	0	100	0	0	3
250	277	0	2.87669889	0.00029168691	0.000294413857	0.000291510353	0.00029766811	6.15775637e-06	6.97986177e-06	0	100	0	0	3
251	278	0	2.88820569	0.000291531562	0.000294287879	0.000291510353	0.00029766811	6.15775637e-06	6.97986177e-06	0	100	0	0	3
252	279	0	2.89971248	0.000291715733	0.000294166583	0.000291510353	0.00029766811	6.15775637e-06	6.97986177e-06	0	100	0	0	3
253	281	0	2.91121928	0.000291645128	0.00029405633	0.000291510353	0.00029766811	6.15775637e-06	6.97986177e-06	0	100	0	0	3
254	282	0	2.92272607	0.000291712076	0.000293920965	0.000291510353	0.000297180114	5.66976096e-06	6.97986177e-06	0	100	0	0	3
255	283	0	2.93423287	0.000291299521	0.000293802791	0.000291299521	0.000297180114	5.88059338e-06	6.97986177e-06	0	100	0	0	3
256	284	0	2.94573966	0.000291152993	0.000293677357	0.000291152993	0.000297180114	6.02712102e-06	6.97986177e-06	0	100	0	0	3
257	285	0	2.95724646	0.000291034047	0.000293564302	0.000291034047	0.000297180114	6.14606687e-06	6.97986177e-06	0	100	0	0	3
258	287	0	2.96875326	0.000291090437	0.000293425901	0.000291034047	0.000295903377	4.86932923e-06	6.97986177e-06	0	100	0	0	3
259	288	0	2.98026005	0.000290680729	0.000293310019	0.000290680729	0.000295903377	5.22264733e-06	6.97986177e-06	0	100	0	0	3
260	289	0	2.99176685	0.000291554547	0.000293211182	0.000290680729	0.000295898982	5.21825284e-06	6.97986177e-06	0	100	0	0	3
261	290	0	3.00327364	0.000290716374	0.000293105655	0.000290680729	0.000295898982	5.21825284e-06	6.97986177e-06	0	100	0	0	3
262	291	0	3.01478044	0.0002912096	0.000292999078	0.000290680729	0.000295667204	4.98647451e-06	6.97986177e-06	0	100	0	0	3
263	292	0	3.02628723	0.000290413092	0.000292888943	0.000290413092	0.000295667204	5.25411182e-06	6.97986177e-06	0	100	0	0	3
264	293	0	3.03779403	0.000291104717	0.00029278525	0.000290413092	0.000295586489	5.17339682e-06	6.97986177e-06	0	100	0	0	3
265	294	0	3.04930082	0.000290251771	0.000292687412	0.000290251771	0.000295586489	5.33471747e-06	6.97986177e-06	0	100	0	0	3
266	296	0	3.06080762	0.000290670888	0.000292575694	0.000290251771	0.000295390164	5.13839292e-06	6.97986177e-06	0	100	0	0	3
267	297	0	3.07231442	0.000290090772	0.000292467027	0.000290090772	0.000295390164	5.29939247e-06	6.97986177e-06	0	100	0	0	3
268	298	0	3.08382121	0.000290307572	0.000292351514	0.000290090772	0.000295170288	5.07951614e-06	6.97986177e-06	0	100	0	0	3
269	299	0	3.09532801	0.000289932738	0.000292250431	0.000289932738	0.000295170288	5.23754976e-06	6.97986177e-06	0	100	0	0	3
270	300	0	3.1068348	0.00029021587	0.00029213783	0.000289932738	0.000294522759	4.59002077e-06	6.97986177e-06	0	100	0	0	3
271	301	0	3.1183416	0.00028993146	0.000292041632	0.00028993146	0.000294522759	4.59129862e-06	6.97986177e-06	0	100	0	0	3
272	302	0	3.12984839	0.000290504063	0.000291950298	0.00028993146	0.000294225338	4.29387753e-06	6.97986177e-06	0	100	0	0	3
273	304	0	3.14135519	0.000290030467	0.000291860962	0.00028993146	0.000294225338	4.29387753e-06	6.97986177e-06	0	100	0	0	3
274	305	0	3.15286199	0.000289913458	0.000291762965	0.000289913458	0.000294160932	4.24747429e-06	6.97986177e-06	0	100	0	0	3
275	306	0	3.16436878	0.000290022475	0.000291683831	0.000289913458	0.000294160932	4.24747429e-06	6.97986177e-06	0	100	0	0	3
276	307	0	3.17587558	0.000290165061	0.000291593627	0.000289913458	0.000294160932	4.24747429e-06	6.97986177e-06	0	100	0	0	3
277	308	0	3.18738237	0.000289259426	0.000291488658	0.000289259426	0.000294160932	4.90150676e-06	6.97986177e-06	0	100	0	0	3
278	309	0	3.19888917	0.000290500587	0.000291405468	0.000289259426	0.000293703757	4.4443312e-06	6.97986177e-06	0	100	0	0	3
279	310	0	3.21039596	0.000289537283	0.000291319366	0.000289259426	0.000293703757	4.4443312e-06	6.97986177e-06	0	100	0	0	3
280	311	0	3.22190276	0.000289623379	0.00029122663	0.000289259426	0.000293576513	4.31708753e-06	6.97986177e-06	0	100	0	0	3
281	313	0	3.23340955	0.000289391955	0.000291137265	0.000289259426	0.000293576513	4.31708753e-06	6.97986177e-06	0	100	0	0	3
282	314	0	3.24491635	0.000289640219	0.000291048247	0.000289259426	0.000293576513	4.31708753e-06	6.97986177e-06	0	100	0	0	3
283	315	0	3.25642315	0.000289007636	0.000290965113	0.000289007636	0.000293576513	4.56887689e-06	6.97986177e-06	0	100	0	0	3
284	316	0	3.26792994	0.000289257725	0.000290866959	0.000289007636	0.000293178097	4.17046069e-06	6.97986177e-06	0	100	0	0	3
285	317	0	3.27943674	0.00028926846	0.000290792108	0.000289007636	0.000293178097	4.17046069e-06	6.97986177e-06	0	100	0	0	3
286	318	0	3.29094353	0.000289089314	0.000290699181	0.000289007636	0.000292634814	3.62717761e-06	6.97986177e-06	0	100	0	0	3
287	319	0	3.30245033	0.000288733662	0.000290620917	0.000288733662	0.000292634814	3.90115226e-06	6.97986177e-06	0	100	0	0	3
288	320	0	3.31395712	0.000289274062	0.000290547072	0.000288733662	0.000292634814	3.90115226e-06	6.97986177e-06	0	100	0	0	3
289	322	0	3.32546392	0.000288709565	0.00029045919	0.000288709565	0.000292634814	3.92524892e-06	6.97986177e-06	0	100	0	0	3
290	323	0	3.33697071	0.000289145098	0.000290382346	0.000288709565	0.000292634814	3.92524892e-06	6.97986177e-06	0	100	0	0	3
291	324	0	3.34847751	0.00028863945	0.000290317098	0.00028863945	0.000292634814	3.99536333e-06	6.97986177e-06	0	100	0	0	3
292	325	0	3.35998431	0.000288551957	0.000290224306	0.000288551957	0.000291715733	3.16377587e-06	6.97986177e-06	0	100	0	0	3
293	326	0	3.3714911	0.000288350291	0.000290149185	0.000288350291	0.000291715733	3.36544196e-06	6.97986177e-06	0	100	0	0	3
294	327	0	3.3829979	0.000289198811	0.000290092637	0.000288350291	0.000291715733	3.36544196e-06	6.97986177e-06	0	100	0	0	3
295	328	0	3.39450469	0.000288174375	0.000290016337	0.000288174375	0.000291715733	3.54135745e-06	6.97986177e-06	0	100	0	0	3
296	330	0	3.40601149	0.000289296408	0.000289961353	0.000288174375	0.000291712076	3.5377007e-06	6.97986177e-06	0	100	0	0	3
297	331	0	3.41751828	0.000288273743	0.00028988473	0.000288174375	0.000291712076	3.5377007e-06	6.97986177e-06	0	100	0	0	3
298	332	0	3.42902508	0.00028839271	0.00028980929	0.000288174375	0.000291554547	3.38017217e-06	6.97986177e-06	0	100	0	0	3
299	333	0	3.44053187	0.000288297817	0.00028974107	0.000288174375	0.000291554547	3.38017217e-06	6.97986177e-06	0	100	0	0	3
300	334	0	3.45203867	0.000288400161	0.000289678505	0.000288174375	0.000291554547	3.38017217e-06	6.97986177e-06	0	100	0	0	3
301	336	0	3.46354547	0.000287901714	0.000289607316	0.000287901714	0.000291554547	3.6528332e-06	6.97986177e-06	0	100	0	0	3
302	337	0	3.47505226	0.000288654037	0.000289551943	0.000287901714	0.000291554547	3.6528332e-06	6.97986177e-06	0	100	0	0	3
303	338	0	3.48655906	0.000288322162	0.000289498339	0.000287901714	0.000291554547	3.6528332e-06	6.97986177e-06	0	100	0	0	3
304	339	0	3.49806585	0.000288518283	0.000289429333	0.000287901714	0.0002912096	3.30788571e-06	6.97986177e-06	0	100	0	0	3
305	340	0	3.50957265	0.000288132966	0.00028937062	0.000287901714	0.0002912096	3.30788571e-06	6.97986177e-06	0	100	0	0	3
306	341	0	3.52107944	0.000288262436	0.000289303639	0.000287901714	0.000291104717	3.20300327e-06	6.97986177e-06	0	100	0	0	3
307	342	0	3.53258624	0.000287786975	0.000289243954	0.000287786975	0.000291104717	3.31774287e-06	6.97986177e-06	0	100	0	0	3
308	344	0	3.54409303	0.000288186361	0.000289177628	0.000287786975	0.000290670888	2.88391388e-06	6.97986177e-06	0	100	0	0	3
309	345	0	3.55559983	0.000288065913	0.000289127949	0.000287786975	0.000290670888	2.88391388e-06	6.97986177e-06	0	100	0	0	3
310	346	0	3.56710663	0.000287977654	0.000289066739	0.000287786975	0.000290504063	2.7170885e-06	6.97986177e-06	0	100	0	0	3
311	347	0	3.57861342	0.000287714176	0.000289012726	0.000287714176	0.000290504063	2.78988733e-06	6.97986177e-06	0	100	0	0	3
312	348	0	3.59012022	0.000288284722	0.000288966752	0.000287714176	0.000290504063	2.78988733e-06	6.97986177e-06	0	100	0	0	3
313	349	0	3.60162701	0.000287913268	0.000288920855	0.000287714176	0.000290504063	2.78988733e-06	6.97986177e-06	0	100	0	0	3
314	351	0	3.61313381	0.000287912927	0.000288868515	0.000287714176	0.000290504063	2.78988733e-06	6.97986177e-06	0	100	0	0	3
315	352	0	3.6246406	0.000287485899	0.000288812934	0.000287485899	0.000290504063	3.01816358e-06	6.97986177e-06	0	100	0	0	3
316	353	0	3.6361474	0.000288019687	0.000288756471	0.000287485899	0.000290500587	3.01468796e-06	6.97986177e-06	0	100	0	0	3
317	354	0	3.64765419	0.000287514601	0.000288699292	0.000287485899	0.000290500587	3.01468796e-06	6.97986177e-06	0	100	0	0	3
318	355	0	3.65916099	0.000287992636	0.000288655637	0.000287485899	0.000290500587	3.01468796e-06	6.97986177e-06	0	100	0	0	3
319	356	0	3.67066779	0.000287339016	0.00028859465	0.000287339016	0.000290500587	2.9989773e-06	6.97986177e-06	0	100	0	0	3
320	357	0	3.68217458	0.000287487852	0.000288533804	0.000287339016	0.000290500587	2.95485411e-06	6.97986177e-06	0	100	0	0	3
321	358	0	3.69368138	0.000287555518	0.000288495079	0.000287339016	0.000290500587	2.91038962e-06	6.97986177e-06	0	100	0	0	3
322	359	0	3.70518817	0.000287612651	0.000288429444	0.000287339016	0.000289640219	2.30120252e-06	6.97986177e-06	0	100	0	0	3
323	361	0	3.71669497	0.000287374566	0.000288380291	0.000287339016	0.000289640219	2.30120252e-06	6.97986177e-06	0	100	0	0	3
324	362	0	3.72820176	0.000287689227	0.000288336333	0.000287339016	0.000289640219	2.30120252e-06	6.97986177e-06	0	100	0	0	3
325	363	0	3.73970856	0.000286989857	0.00028828174	0.000286989857	0.000289640219	2.6503624e-06	6.97986177e-06	0	100	0	0	3
326	364	0	3.75121535	0.000287332005	0.000288229281	0.000286989857	0.000289296408	2.30655141e-06	6.97986177e-06	0	100	0	0	3
327	365	0	3.76272215	0.000287265875	0.000288189695	0.000286989857	0.000289296408	2.30655141e-06	6.97986177e-06	0	100	0	0	3
328	366	0	3.77422895	0.000287119378	0.000288141096	0.000286989857	0.000289296408	2.30655141e-06	6.97986177e-06	0	100	0	0	3
329	367	0	3.78573574	0.000286940501	0.000288088188	0.000286940501	0.000289296408	2.35590731e-06	6.97986177e-06	0	100	0	0	3
330	368	0	3.79724254	0.000287395147	0.000288049685	0.000286940501	0.000289296408	2.35590731e-06	6.97986177e-06	0	100	0	0	3
331	369	0	3.80874933	0.000286543512	0.000287999908	0.000286543512	0.000289296408	2.54716375e-06	6.97986177e-06	0	100	0	0	3
332	370	0	3.82025613	0.000287644014	0.000287962862	0.000286543512	0.000289296408	2.49632769e-06	6.97986177e-06	0	100	0	0	3
333	372	0	3.83176292	0.000287045506	0.000287925042	0.000286543512	0.000289296408	2.45730329e-06	6.97986177e-06	0	100	0	0	3
334	373	0	3.84326972	0.000287231127	0.000287881543	0.000286543512	0.000289296408	2.43555483e-06	6.97986177e-06	0	100	0	0	3
335	374	0	3.85477651	0.000286946769	0.000287843073	0.000286543512	0.000289296408	2.38123265e-06	6.97986177e-06	0	100	0	0	3
336	375	0	3.86628331	0.000287250705	0.000287813499	0.000286543512	0.000289296408	2.33568569e-06	6.97986177e-06	0	100	0	0	3
337	376	0	3.87779011	0.000287123786	0.000287785624	0.000286543512	0.000289296408	2.30701307e-06	6.97986177e-06	0	100	0	0	3
338	377	0	3.8892969	0.000287141234	0.000287738861	0.000286543512	0.000289296408	2.27747649e-06	6.97986177e-06	0	100	0	0	3
339	378	0	3.9008037	0.00028703211	0.0002877129	0.000286543512	0.000289296408	2.24845241e-06	6.97986177e-06	0	100	0	0	3
340	379	0	3.91231049	0.00028741466	0.000287670133	0.000286543512	0.000288654037	2.11052501e-06	6.97986177e-06	0	100	0	0	3
341	380	0	3.92381729	0.000286802814	0.000287636703	0.000286543512	0.000288654037	2.11052501e-06	6.97986177e-06	0	100	0	0	3
342	382	0	3.93532408	0.000287309961	0.000287612095	0.000286543512	0.000288654037	2.11052501e-06	6.97986177e-06	0	100	0	0	3
343	383	0	3.94683088	0.000286876562	0.000287579794	0.000286543512	0.000288654037	2.09871136e-06	6.97986177e-06	0	100	0	0	3
344	384	0	3.95833767	0.000287355461	0.000287556051	0.000286543512	0.000288654037	2.05126515e-06	6.97986177e-06	0	100	0	0	3
345	385	0	3.96984447	0.000287356078	0.00028754365	0.000286543512	0.000288654037	2.00829325e-06	6.97986177e-06	0	100	0	0	3
346	386	0	3.98135127	0.000287396015	0.000287515059	0.000286543512	0.000288518283	1.97477106e-06	6.97986177e-06	0	100	0	0	3
347	387	0	3.99285806	0.000286854918	0.000287481712	0.000286543512	0.000288518283	1.9476213e-06	6.97986177e-06	0	100	0	0	3
348	388	0	4.00436486	0.000286964137	0.000287446391	0.000286543512	0.000288284722	1.74120985e-06	6.97986177e-06	0	100	0	0	3
