Iteration	CPUTime	PhysTime	Travels	Value	AvValue	MinValue	MaxValue	Delta	Criteria	PrevAvRefValue	Progress	CriteriaType	CriteriaVarType	CriteriaPercentage
1	4	0	0.0157222002	0.75159059	0.75159059	0.75159059	0.75159059	0	0	0	0	0	0	3
2	5	0	0.0314444003	0.745147702	0.748369146	0.745147702	0.75159059	0.00322144389	0	0	0	0	0	3
3	5	0	0.0471666005	0.739026951	0.745255081	0.739026951	0.75159059	0.00633550885	0	0	0	0	0	3
4	6	0	0.0628888007	0.733212209	0.742244363	0.733212209	0.75159059	0.00934622693	0	0	0	0	0	3
5	7	0	0.0786110009	0.727689449	0.73933338	0.727689449	0.75159059	0.0122572097	0	0	0	0	0	3
6	8	0	0.094333201	0.722444987	0.736518648	0.722444987	0.75159059	0.015071942	0	0	0	0	0	3
7	9	0	0.110055401	0.722680034	0.734541703	0.722444987	0.75159059	0.0170488869	0	0	0	0	0	3
8	9	0	0.125777601	0.723406847	0.733149846	0.722444987	0.75159059	0.018440744	0	0	0	0	0	3
9	10	0	0.141499802	0.723504634	0.732078156	0.722444987	0.75159059	0.0195124342	0	0	0	0	0	3
10	11	0	0.157222002	0.723520379	0.731222378	0.722444987	0.75159059	0.0203682119	0	0	0	0	0	3
11	12	0	0.172944202	0.723456536	0.730516392	0.722444987	0.75159059	0.0210741976	0	0	0	0	0	3
12	12	0	0.188666402	0.723403415	0.729923644	0.722444987	0.75159059	0.0216669458	0	0	0	0	0	3
13	13	0	0.204388602	0.723362095	0.72941891	0.722444987	0.75159059	0.0221716803	0	0	0	0	0	3
14	14	0	0.220110802	0.723317243	0.728983076	0.722444987	0.75159059	0.0226075136	0	0	0	0	0	3
15	15	0	0.235833003	0.723255109	0.728601212	0.722444987	0.75159059	0.0229893781	0	0	0	0	0	3
16	15	0	0.251555203	0.723221471	0.728264978	0.722444987	0.75159059	0.0233256119	0	0	0	0	0	3
17	16	0	0.267277403	0.723178719	0.727965786	0.722444987	0.75159059	0.0236248036	0	0	0	0	0	3
18	17	0	0.282999603	0.723141543	0.727697773	0.722444987	0.75159059	0.0238928172	0	0	0	0	0	3
19	17	0	0.298721803	0.723104172	0.727456004	0.722444987	0.75159059	0.0241345857	0	0	0	0	0	3
20	18	0	0.314444003	0.72307403	0.727236906	0.722444987	0.75159059	0.0243536844	0	0	0	0	0	3
21	19	0	0.330166204	0.723025319	0.727036354	0.722444987	0.75159059	0.0245542361	0	0	0	0	0	3
22	19	0	0.345888404	0.722977334	0.726851853	0.722444987	0.75159059	0.024738737	0	0	0	0	0	3
23	20	0	0.361610604	0.722928242	0.726681261	0.722444987	0.75159059	0.0249093288	0	0	0	0	0	3
24	21	0	0.377332804	0.722883206	0.726523009	0.722444987	0.75159059	0.0250675811	0	0	0	0	0	3
25	22	0	0.393055004	0.722835271	0.726375499	0.722444987	0.75159059	0.0252150906	0	0	0	0	0	3
26	22	0	0.408777204	0.722765293	0.726236645	0.722444987	0.75159059	0.0253539447	0	0	0	0	0	3
27	23	0	0.424499405	0.722691665	0.72610535	0.722444987	0.75159059	0.0254852403	0	0	0	0	0	3
28	24	0	0.440221605	0.722614804	0.725980687	0.722444987	0.75159059	0.0256099026	0	0	0	0	0	3
29	24	0	0.455943805	0.72253487	0.725861866	0.722444987	0.75159059	0.0257287239	0	0	0	0	0	3
30	25	0	0.471666005	0.722457119	0.725748375	0.722444987	0.75159059	0.0258422155	0	0	0	0	0	3
31	26	0	0.487388205	0.722338815	0.725638389	0.722338815	0.75159059	0.0259522013	0	0	0	0	0	3
32	26	0	0.503110406	0.722222471	0.725531641	0.722222471	0.75159059	0.0260589487	0	0	0	0	0	3
33	27	0	0.518832606	0.722106599	0.724610267	0.722106599	0.745147702	0.023041103	0	0	0	0	0	3
34	28	0	0.534554806	0.721988103	0.723886529	0.721988103	0.739026951	0.0170388483	0	0	0	0	0	3
35	29	0	0.550277006	0.721870296	0.723350384	0.721870296	0.733212209	0.0113419128	0	0	0	0	0	3
36	29	0	0.565999206	0.721693062	0.72299041	0.721693062	0.727689449	0.00599638773	0	0	0	0	0	3
37	30	0	0.581721406	0.721511109	0.722797337	0.721511109	0.723520379	0.0020092704	0	0	0	0	0	3
38	31	0	0.597443607	0.721323388	0.722762287	0.721323388	0.723520379	0.00219699066	0	0	0	0	0	3
39	31	0	0.613165807	0.721133612	0.722713962	0.721133612	0.723520379	0.00238676671	0	0	0	0	0	3
40	32	0	0.628888007	0.720938047	0.722636812	0.720938047	0.723520379	0.00258233182	0	0	0	0	0	3
41	33	0	0.644610207	0.720641429	0.722547336	0.720641429	0.723520379	0.00287894991	0	0	0	0	0	3
42	33	0	0.660332407	0.72035431	0.722448397	0.72035431	0.723456536	0.00310222558	0	0	0	0	0	3
43	34	0	0.676054607	0.720075927	0.722342753	0.720075927	0.723403415	0.00332748788	0	0	0	0	0	3
44	35	0	0.691776808	0.719790267	0.722229842	0.719790267	0.723362095	0.00357182789	0	0	0	0	0	3
45	35	0	0.707499008	0.719503018	0.722109246	0.719503018	0.723317243	0.00381422491	0	0	0	0	0	3
46	36	0	0.723221208	0.719213984	0.721981019	0.719213984	0.723255109	0.00404112542	0	0	0	0	0	3
47	37	0	0.738943408	0.718913565	0.721845346	0.718913565	0.723221471	0.00430790598	0	0	0	0	0	3
48	37	0	0.754665608	0.718609578	0.721701224	0.718609578	0.723178719	0.00456914149	0	0	0	0	0	3
49	38	0	0.770387808	0.718300787	0.721548789	0.718300787	0.723141543	0.00484075615	0	0	0	0	0	3
50	39	0	0.786110009	0.717989247	0.721387779	0.717989247	0.723104172	0.00511492498	0	0	0	0	0	3
51	40	0	0.801832209	0.717673134	0.721218059	0.717673134	0.72307403	0.00540089624	0	0	0	0	0	3
52	40	0	0.817554409	0.717352944	0.721039275	0.717352944	0.723025319	0.00567237457	0	0	0	0	0	3
53	41	0	0.833276609	0.717025274	0.720851774	0.717025274	0.722977334	0.00595206047	0	0	0	0	0	3
54	42	0	0.848998809	0.716703031	0.720655702	0.716703031	0.722928242	0.00602555921	0	0	0	0	0	3
55	42	0	0.86472101	0.716380131	0.720451074	0.716380131	0.722883206	0.00607193535	0	0	0	0	0	3
56	43	0	0.88044321	0.716056232	0.720237731	0.716056232	0.722835271	0.00613776876	0	0	0	0	0	3
57	44	0	0.89616541	0.715730728	0.720015714	0.715730728	0.722765293	0.00622093164	0	0	0	0	0	3
58	44	0	0.91188761	0.715410338	0.719785871	0.715410338	0.722691665	0.00631947841	0	0	0	0	0	3
59	45	0	0.92760981	0.715082692	0.719548091	0.715082692	0.722614804	0.00643259647	0	0	0	0	0	3
60	46	0	0.94333201	0.714758115	0.719302569	0.714758115	0.72253487	0.00655929671	0	0	0	0	0	3
61	47	0	0.959054211	0.714430239	0.7190493	0.714430239	0.722457119	0.00669907486	0	0	0	0	0	3
62	47	0	0.974776411	0.714102583	0.718788221	0.714102583	0.722338815	0.00685016829	0	0	0	0	0	3
63	48	0	0.990498611	0.713770435	0.718520459	0.713770435	0.722222471	0.00701118272	0	0	0	0	0	3
64	49	0	1.00622081	0.713438844	0.71824597	0.713438844	0.722106599	0.00636429636	0.000767643225	0	12	0	0	3
65	49	0	1.02194301	0.713109443	0.717964809	0.713109443	0.721988103	0.00592172001	0.000777525244	0	13.1	0	0	3
66	50	0	1.03766521	0.712783378	0.717677161	0.712783378	0.721870296	0.0056732222	0.000782416225	0	13.7	0	0	3
67	51	0	1.05338741	0.712457317	0.717383006	0.712457317	0.721693062	0.00560740445	0.000767643225	0	13.6	0	0	3
68	51	0	1.06910961	0.712129683	0.71708415	0.712129683	0.721511109	0.0057131869	0.000767643225	0	13.4	0	0	3
69	52	0	1.08483181	0.711805518	0.716780851	0.711805518	0.721323388	0.00598143665	0.000767643225	0	12.8	0	0	3
70	53	0	1.10055401	0.711479359	0.716473225	0.711479359	0.721133612	0.00624073691	0.000767643225	0	12.3	0	0	3
71	54	0	1.11627621	0.711154435	0.716161375	0.711154435	0.720938047	0.00647543621	0.000767643225	0	11.8	0	0	3
72	54	0	1.13199841	0.710828547	0.715845453	0.710828547	0.720641429	0.00670188296	0.000767643225	0	11.4	0	0	3
73	55	0	1.14772061	0.710501666	0.715528586	0.710501666	0.72035431	0.0069198109	0.000767643225	0	11	0	0	3
74	56	0	1.16344281	0.710176938	0.715210543	0.710176938	0.720075927	0.00713220975	0.000767643225	0	10.7	0	0	3
75	56	0	1.17916501	0.709855121	0.714891143	0.709855121	0.719790267	0.00733869908	0.000767643225	0	10.4	0	0	3
76	57	0	1.19488721	0.709535343	0.714570676	0.709535343	0.719503018	0.00753856932	0.000767643225	0	10.1	0	0	3
77	58	0	1.21060941	0.709211679	0.714249072	0.709211679	0.719213984	0.00773194683	0.000767643225	0	9.9	0	0	3
78	59	0	1.22633161	0.708894539	0.713926589	0.708894539	0.718913565	0.00791875621	0.000767643225	0	9.6	0	0	3
79	59	0	1.24205381	0.708577612	0.713603591	0.708577612	0.718609578	0.00809763308	0.000767643225	0	9.4	0	0	3
80	60	0	1.25777601	0.708262824	0.713280255	0.708262824	0.718300787	0.00826853374	0.000767643225	0	9.2	0	0	3
81	61	0	1.27349821	0.707947865	0.712956726	0.707947865	0.717989247	0.0084310533	0.000767643225	0	9.1	0	0	3
82	62	0	1.28922041	0.707637811	0.712633244	0.707637811	0.717673134	0.00858481573	0.000767643225	0	8.9	0	0	3
83	62	0	1.30494261	0.707329407	0.712310002	0.707329407	0.717352944	0.00872927327	0.000767643225	0	8.7	0	0	3
84	63	0	1.32066481	0.707023944	0.711987221	0.707023944	0.717025274	0.00886455314	0.000767643225	0	8.6	0	0	3
85	64	0	1.33638701	0.706722131	0.711665248	0.706722131	0.716703031	0.00899045437	0.000767643225	0	8.5	0	0	3
86	65	0	1.35210921	0.706426853	0.711344117	0.706426853	0.716380131	0.00910695647	0.000767643225	0	8.4	0	0	3
87	65	0	1.36783142	0.706133036	0.711023895	0.706133036	0.716056232	0.00921383529	0.000767643225	0	8.3	0	0	3
88	66	0	1.38355362	0.705844714	0.710704785	0.705844714	0.715730728	0.00931092827	0.000767643225	0	8.2	0	0	3
89	67	0	1.39927582	0.70555671	0.710386847	0.70555671	0.715410338	0.009399024	0.000767643225	0	8.1	0	0	3
90	67	0	1.41499802	0.705274315	0.710070097	0.705274315	0.715082692	0.0094779943	0.000767643225	0	8	0	0	3
91	68	0	1.43072022	0.704993224	0.709754801	0.704993224	0.714758115	0.00954776864	0.000767643225	0	8	0	0	3
92	69	0	1.44644242	0.704716014	0.709440985	0.704716014	0.714430239	0.00960831458	0.000767643225	0	7.9	0	0	3
93	70	0	1.46216462	0.704437647	0.709128717	0.704437647	0.714102583	0.00965950384	0.000767643225	0	7.9	0	0	3
94	70	0	1.47788682	0.704164541	0.708818153	0.704164541	0.713770435	0.00960589461	0.000767643225	0	7.9	0	0	3
95	71	0	1.49360902	0.703893962	0.708509513	0.703893962	0.713438844	0.00954488187	0.000767643225	0	8	0	0	3
96	72	0	1.50933122	0.703627354	0.708202904	0.703627354	0.713109443	0.00948208893	0.000767643225	0	8	0	0	3
97	73	0	1.52505342	0.703362359	0.707898308	0.703362359	0.712783378	0.00942101876	0.000767643225	0	8.1	0	0	3
98	73	0	1.54077562	0.703102388	0.707595777	0.703102388	0.712457317	0.00935492917	0.000767643225	0	8.2	0	0	3
99	74	0	1.55649782	0.702845262	0.7072954	0.702845262	0.712129683	0.0092844204	0.000767643225	0	8.2	0	0	3
100	75	0	1.57222002	0.702593032	0.70699738	0.702593032	0.711805518	0.00921248615	0.000767643225	0	8.3	0	0	3
101	76	0	1.58794222	0.702342657	0.706701665	0.702342657	0.711479359	0.00913670142	0.000767643225	0	8.4	0	0	3
102	77	0	1.60366442	0.702096787	0.70640846	0.702096787	0.711154435	0.00905764798	0.000767643225	0	8.4	0	0	3
103	78	0	1.61938662	0.701854448	0.706117835	0.701854448	0.710828547	0.00897409883	0.000767643225	0	8.5	0	0	3
104	78	0	1.63510882	0.701616482	0.705829958	0.701616482	0.710501666	0.00888518374	0.000767643225	0	8.6	0	0	3
105	79	0	1.65083102	0.70138234	0.705544979	0.70138234	0.710176938	0.00879459789	0.000767643225	0	8.7	0	0	3
106	80	0	1.66655322	0.701152517	0.705262966	0.701152517	0.709855121	0.00870260424	0.000767643225	0	8.8	0	0	3
107	80	0	1.68227542	0.700924323	0.704983879	0.700924323	0.709535343	0.00861101908	0.000767643225	0	8.9	0	0	3
108	81	0	1.69799762	0.700700932	0.704707803	0.700700932	0.709211679	0.00851074697	0.000767643225	0	9	0	0	3
109	82	0	1.71371982	0.700481246	0.704434977	0.700481246	0.708894539	0.00841329333	0.000767643225	0	9.1	0	0	3
110	82	0	1.72944202	0.700264493	0.704165288	0.700264493	0.708577612	0.00831311948	0.000767643225	0	9.2	0	0	3
111	83	0	1.74516422	0.700050995	0.703898832	0.700050995	0.708262824	0.00821182878	0.000767643225	0	9.3	0	0	3
112	84	0	1.76088642	0.699841401	0.703635662	0.699841401	0.707947865	0.0081064633	0.000767643225	0	9.4	0	0	3
113	84	0	1.77660862	0.69963165	0.70337578	0.69963165	0.707637811	0.00800616166	0.000767643225	0	9.5	0	0	3
114	85	0	1.79233082	0.699426803	0.703119186	0.699426803	0.707329407	0.00790260377	0.000767643225	0	9.7	0	0	3
115	86	0	1.80805302	0.699226021	0.702865956	0.699226021	0.707023944	0.00779792259	0.000767643225	0	9.8	0	0	3
116	87	0	1.82377522	0.699028898	0.70261611	0.699028898	0.706722131	0.00769323305	0.000767643225	0	9.9	0	0	3
117	87	0	1.83949742	0.698834654	0.702369627	0.698834654	0.706426853	0.00759219978	0.000767643225	0	10.1	0	0	3
118	88	0	1.85521962	0.698644327	0.702126423	0.698644327	0.706133036	0.00748870853	0.000767643225	0	10.2	0	0	3
119	89	0	1.87094182	0.698455239	0.701886492	0.698455239	0.705844714	0.00738947494	0.000767643225	0	10.3	0	0	3
120	89	0	1.88666402	0.69827022	0.701649789	0.69827022	0.70555671	0.00728648918	0.000767643225	0	10.5	0	0	3
121	90	0	1.90238622	0.698087981	0.701416391	0.698087981	0.705274315	0.00718633461	0.000767643225	0	10.6	0	0	3
122	91	0	1.91810842	0.697907082	0.701186165	0.697907082	0.704993224	0.00708614231	0.000767643225	0	10.8	0	0	3
123	92	0	1.93383062	0.697729881	0.700959186	0.697729881	0.704716014	0.00698613238	0.000767643225	0	10.9	0	0	3
124	92	0	1.94955282	0.697554254	0.700735381	0.697554254	0.704437647	0.00688339231	0.000767643225	0	11.1	0	0	3
125	93	0	1.96527502	0.69738	0.700514829	0.69738	0.704164541	0.00678454048	0.000767643225	0	11.3	0	0	3
126	94	0	1.98099722	0.697209943	0.700297498	0.697209943	0.703893962	0.00668401879	0.000767643225	0	11.4	0	0	3
127	95	0	1.99671942	0.697040723	0.700083334	0.697040723	0.703627354	0.00658663168	0.000767643225	0	11.6	0	0	3
128	95	0	2.01244162	0.696874308	0.699872301	0.696874308	0.703362359	0.0064880511	0.000767643225	0	11.8	0	0	3
129	96	0	2.02816382	0.696709816	0.699664409	0.696709816	0.703102388	0.00639257175	0.000767643225	0	12	0	0	3
130	97	0	2.04388602	0.696549359	0.699459627	0.696549359	0.702845262	0.00629590344	0.000767643225	0	12.1	0	0	3
131	98	0	2.05960822	0.696390164	0.699257906	0.696390164	0.702593032	0.00620286852	0.000767643225	0	12.3	0	0	3
132	98	0	2.07533042	0.696234299	0.699059195	0.696234299	0.702342657	0.00610835846	0.000767643225	0	12.5	0	0	3
133	99	0	2.09105262	0.696080187	0.698863493	0.696080187	0.702096787	0.00601659997	0.000767643225	0	12.7	0	0	3
134	100	0	2.10677482	0.695928824	0.698670744	0.695928824	0.701854448	0.00592562381	0.000767643225	0	12.9	0	0	3
135	101	0	2.12249702	0.695779807	0.698480912	0.695779807	0.701616482	0.0058366752	0.000767643225	0	13.1	0	0	3
136	102	0	2.13821922	0.695634274	0.698293968	0.695634274	0.70138234	0.00574806652	0.000767643225	0	13.3	0	0	3
137	102	0	2.15394142	0.695489183	0.698109806	0.695489183	0.701152517	0.00566333418	0.000767643225	0	13.5	0	0	3
138	103	0	2.16966362	0.695346444	0.697928367	0.695346444	0.700924323	0.00557787981	0.000767643225	0	13.7	0	0	3
139	104	0	2.18538582	0.695206606	0.697749688	0.695206606	0.700700932	0.0054943262	0.000767643225	0	13.9	0	0	3
140	105	0	2.20110802	0.69506902	0.697573691	0.69506902	0.700481246	0.00541222517	0.000767643225	0	14.1	0	0	3
141	105	0	2.21683022	0.694932148	0.697400281	0.694932148	0.700264493	0.00533234443	0.000767643225	0	14.3	0	0	3
142	106	0	2.23255242	0.694797444	0.697229436	0.694797444	0.700050995	0.00525355149	0.000767643225	0	14.6	0	0	3
143	107	0	2.24827462	0.694664622	0.697061112	0.694664622	0.699841401	0.00517677951	0.000767643225	0	14.8	0	0	3
144	108	0	2.26399682	0.694534514	0.696895272	0.694534514	0.69963165	0.00509713582	0.000767643225	0	15	0	0	3
145	108	0	2.27971903	0.694405044	0.69673194	0.694405044	0.699426803	0.00502175898	0.000767643225	0	15.2	0	0	3
146	109	0	2.29544123	0.694278069	0.696571042	0.694278069	0.699226021	0.00494795217	0.000767643225	0	15.5	0	0	3
147	110	0	2.31116343	0.694153518	0.696412527	0.694153518	0.699028898	0.00487537991	0.000767643225	0	15.7	0	0	3
148	111	0	2.32688563	0.694030598	0.69625633	0.694030598	0.698834654	0.00480405572	0.000767643225	0	15.9	0	0	3
149	111	0	2.34260783	0.69390977	0.696102427	0.69390977	0.698644327	0.00473455681	0.000767643225	0	16.2	0	0	3
150	112	0	2.35833003	0.693790748	0.695950753	0.693790748	0.698455239	0.00466449038	0.000767643225	0	16.4	0	0	3
151	113	0	2.37405223	0.693672383	0.695801289	0.693672383	0.69827022	0.00459783735	0.000767643225	0	16.6	0	0	3
152	113	0	2.38977443	0.693555877	0.695653965	0.693555877	0.698087981	0.00453210391	0.000767643225	0	16.9	0	0	3
153	114	0	2.40549663	0.693440796	0.695508741	0.693440796	0.697907082	0.00446628569	0.000767643225	0	17.1	0	0	3
154	115	0	2.42121883	0.693326761	0.695365606	0.693326761	0.697729881	0.00440311995	0.000767643225	0	17.4	0	0	3
155	116	0	2.43694103	0.693214982	0.695224515	0.693214982	0.697554254	0.00433927202	0.000767643225	0	17.6	0	0	3
156	116	0	2.45266323	0.693104513	0.695085461	0.693104513	0.69738	0.00427548685	0.000767643225	0	17.9	0	0	3
157	117	0	2.46838543	0.692994642	0.694948418	0.692994642	0.697209943	0.00421530137	0.000767643225	0	18.2	0	0	3
158	118	0	2.48410763	0.692886342	0.694813306	0.692886342	0.697040723	0.00415438018	0.000767643225	0	18.4	0	0	3
159	119	0	2.49982983	0.692779568	0.694680145	0.692779568	0.696874308	0.00409473978	0.000767643225	0	18.7	0	0	3
160	119	0	2.51555203	0.692674738	0.694548908	0.692674738	0.696709816	0.00403507759	0.000767643225	0	19	0	0	3
161	120	0	2.53127423	0.692571559	0.694419588	0.692571559	0.696549359	0.00397779951	0.000767643225	0	19.2	0	0	3
162	121	0	2.54699643	0.692469887	0.694292104	0.692469887	0.696390164	0.00392027708	0.000767643225	0	19.5	0	0	3
163	121	0	2.56271863	0.692370265	0.694166482	0.692370265	0.696234299	0.00386403345	0.000767643225	0	19.8	0	0	3
164	122	0	2.57844083	0.692272317	0.69404267	0.692272317	0.696080187	0.00380786993	0.000767643225	0	20.1	0	0	3
165	123	0	2.59416303	0.692175377	0.693920645	0.692175377	0.695928824	0.00375344736	0.000767643225	0	20.4	0	0	3
166	124	0	2.60988523	0.692079918	0.693800367	0.692079918	0.695779807	0.00369988853	0.000767643225	0	20.7	0	0	3
167	124	0	2.62560743	0.691985129	0.693681783	0.691985129	0.695634274	0.00364914475	0.000767643225	0	21	0	0	3
168	125	0	2.64132963	0.69189227	0.693564845	0.69189227	0.695489183	0.00359691271	0.000767643225	0	21.3	0	0	3
169	126	0	2.65705183	0.691799383	0.693449539	0.691799383	0.695346444	0.00354706115	0.000767643225	0	21.6	0	0	3
170	127	0	2.67277403	0.691708661	0.693335858	0.691708661	0.695206606	0.00349794517	0.000767643225	0	21.9	0	0	3
171	128	0	2.68849623	0.691618304	0.693223724	0.691618304	0.69506902	0.00345071641	0.000767643225	0	22.2	0	0	3
172	128	0	2.70421843	0.691529599	0.693113117	0.691529599	0.694932148	0.0034025494	0.000767643225	0	22.5	0	0	3
173	129	0	2.71994063	0.69144243	0.693004063	0.69144243	0.694797444	0.0033550137	0.000767643225	0	22.8	0	0	3
174	130	0	2.73566283	0.69135652	0.692896535	0.69135652	0.694664622	0.00330810143	0.000767643225	0	23.2	0	0	3
175	131	0	2.75138503	0.691271324	0.692790494	0.691271324	0.694534514	0.00326319034	0.000767643225	0	23.5	0	0	3
176	131	0	2.76710723	0.691187636	0.692685904	0.691187636	0.694405044	0.00321740828	0.000767643225	0	23.8	0	0	3
177	132	0	2.78282943	0.691104883	0.692582774	0.691104883	0.694278069	0.00317318627	0.000767643225	0	24.1	0	0	3
178	133	0	2.79855163	0.691023242	0.692481061	0.691023242	0.694153518	0.00313027629	0.000767643225	0	24.5	0	0	3
179	134	0	2.81427383	0.690942684	0.692380722	0.690942684	0.694030598	0.00308791373	0.000767643225	0	24.8	0	0	3
180	134	0	2.82999603	0.690863867	0.692281762	0.690863867	0.69390977	0.00304590333	0.000767643225	0	25.2	0	0	3
181	135	0	2.84571823	0.690786088	0.692184147	0.690786088	0.693790748	0.00300466064	0.000767643225	0	25.5	0	0	3
182	136	0	2.86144043	0.690709231	0.692087849	0.690709231	0.693672383	0.00296315211	0.000767643225	0	25.9	0	0	3
183	136	0	2.87716263	0.690633752	0.691992892	0.690633752	0.693555877	0.00292212515	0.000767643225	0	26.2	0	0	3
184	137	0	2.89288483	0.690559139	0.691899244	0.690559139	0.693440796	0.00288165767	0.000767643225	0	26.6	0	0	3
185	138	0	2.90860703	0.690485522	0.691806892	0.690485522	0.693326761	0.00284123956	0.000767643225	0	27	0	0	3
186	139	0	2.92432923	0.690412833	0.691715831	0.690412833	0.693214982	0.00280214964	0.000767643225	0	27.3	0	0	3
187	139	0	2.94005143	0.690340604	0.691626007	0.690340604	0.693104513	0.00276390889	0.000767643225	0	27.7	0	0	3
188	140	0	2.95577363	0.690269938	0.691537427	0.690269938	0.692994642	0.00272470396	0.000767643225	0	28.1	0	0	3
189	141	0	2.97149583	0.69019921	0.691450069	0.69019921	0.692886342	0.0026871326	0.000767643225	0	28.5	0	0	3
190	142	0	2.98721803	0.69013013	0.691363938	0.69013013	0.692779568	0.00264943846	0.000767643225	0	28.9	0	0	3
191	142	0	3.00294023	0.690061485	0.691278998	0.690061485	0.692674738	0.00261325319	0.000767643225	0	29.3	0	0	3
192	143	0	3.01866243	0.689994443	0.691195238	0.689994443	0.692571559	0.00257711655	0.000767643225	0	29.7	0	0	3
193	144	0	3.03438463	0.689927539	0.691112613	0.689927539	0.692469887	0.00254234796	0.000767643225	0	30.1	0	0	3
194	145	0	3.05010683	0.689862106	0.69103112	0.689862106	0.692370265	0.00250815936	0.000767643225	0	30.6	0	0	3
195	145	0	3.06582903	0.689797791	0.69095073	0.689797791	0.692272317	0.00247452619	0.000767643225	0	31	0	0	3
196	146	0	3.08155123	0.689734524	0.690871424	0.689734524	0.692175377	0.00244085236	0.000767643225	0	31.4	0	0	3
197	147	0	3.09727343	0.689671618	0.690793181	0.689671618	0.692079918	0.00240830011	0.000767643225	0	31.8	0	0	3
198	148	0	3.11299563	0.689610015	0.690715997	0.689610015	0.691985129	0.00237511452	0.000767643225	0	32.3	0	0	3
199	148	0	3.12871783	0.689549131	0.690639872	0.689549131	0.69189227	0.00234313849	0.000767643225	0	32.7	0	0	3
200	149	0	3.14444003	0.689489074	0.690564772	0.689489074	0.691799383	0.0023103084	0.000767643225	0	33.2	0	0	3
201	150	0	3.16016223	0.689430263	0.690490737	0.689430263	0.691708661	0.00227839764	0.000767643225	0	33.6	0	0	3
202	151	0	3.17588443	0.689372518	0.690417733	0.689372518	0.691618304	0.00224578596	0.000767643225	0	34.1	0	0	3
203	152	0	3.19160664	0.68931577	0.690345778	0.68931577	0.691529599	0.00221382825	0.000767643225	0	34.6	0	0	3
204	153	0	3.20732884	0.689260555	0.690274871	0.689260555	0.69144243	0.00218187537	0.000767643225	0	35.1	0	0	3
205	153	0	3.22305104	0.689204923	0.690204949	0.689204923	0.69135652	0.00215159757	0.000767643225	0	35.6	0	0	3
206	154	0	3.23877324	0.689150859	0.690136022	0.689150859	0.691271324	0.00212046488	0.000767643225	0	36.2	0	0	3
207	155	0	3.25449544	0.689097501	0.69006809	0.689097501	0.691187636	0.00209013448	0.000767643225	0	36.7	0	0	3
208	156	0	3.27021764	0.689044758	0.690001125	0.689044758	0.691104883	0.00206012496	0.000767643225	0	37.2	0	0	3
209	156	0	3.28593984	0.688992232	0.689935104	0.688992232	0.691023242	0.00203100956	0.000767643225	0	37.7	0	0	3
210	157	0	3.30166204	0.688941514	0.68987005	0.688941514	0.690942684	0.00200117015	0.000767643225	0	38.3	0	0	3
211	158	0	3.31738424	0.688891075	0.689805938	0.688891075	0.690863867	0.00197279239	0.000767643225	0	38.9	0	0	3
212	159	0	3.33310644	0.68884203	0.689742755	0.68884203	0.690786088	0.0019440581	0.000767643225	0	39.4	0	0	3
213	159	0	3.34882864	0.688792992	0.689680471	0.688792992	0.690709231	0.00191623889	0.000767643225	0	40	0	0	3
214	160	0	3.36455084	0.688744955	0.689619087	0.688744955	0.690633752	0.0018887965	0.000767643225	0	40.6	0	0	3
215	161	0	3.38027304	0.688697434	0.689558577	0.688697434	0.690559139	0.00186170456	0.000767643225	0	41.2	0	0	3
216	162	0	3.39599524	0.688650299	0.689498926	0.688650299	0.690485522	0.00183522259	0.000767643225	0	41.8	0	0	3
217	163	0	3.41171744	0.688602998	0.689440097	0.688602998	0.690412833	0.00180983511	0.000767643225	0	42.4	0	0	3
218	163	0	3.42743964	0.688557262	0.689382111	0.688557262	0.690340604	0.00178334267	0.000767643225	0	43	0	0	3
219	164	0	3.44316184	0.688512054	0.689324969	0.688512054	0.690269938	0.00175788413	0.000767643225	0	43.6	0	0	3
220	165	0	3.45888404	0.688468248	0.689268666	0.688468248	0.69019921	0.00173096185	0.000767643225	0	44.3	0	0	3
221	166	0	3.47460624	0.688423634	0.689213179	0.688423634	0.69013013	0.00170649578	0.000767643225	0	44.9	0	0	3
222	167	0	3.49032844	0.688380486	0.689158503	0.688380486	0.690061485	0.00168099874	0.000767643225	0	45.6	0	0	3
223	167	0	3.50605064	0.688337632	0.689104632	0.688337632	0.689994443	0.00165681025	0.000767643225	0	46.3	0	0	3
224	168	0	3.52177284	0.6882953	0.689051534	0.6882953	0.689927539	0.00163223863	0.000767643225	0	47	0	0	3
225	169	0	3.53749504	0.688252958	0.688999203	0.688252958	0.689862106	0.001609148	0.000767643225	0	47.7	0	0	3
226	170	0	3.55321724	0.688211889	0.688947634	0.688211889	0.689797791	0.00158590242	0.000767643225	0	48.4	0	0	3
227	171	0	3.56893944	0.688171101	0.6888968	0.688171101	0.689734524	0.00156342298	0.000767643225	0	49.1	0	0	3
228	171	0	3.58466164	0.688131279	0.688846699	0.688131279	0.689671618	0.00154033953	0.000767643225	0	49.8	0	0	3
229	172	0	3.60038384	0.68809127	0.688797313	0.68809127	0.689610015	0.00151874451	0.000767643225	0	50.5	0	0	3
230	173	0	3.61610604	0.688052479	0.68874864	0.688052479	0.689549131	0.00149665253	0.000767643225	0	51.2	0	0	3
231	174	0	3.63182824	0.6880139	0.688700664	0.6880139	0.689489074	0.00147517411	0.000767643225	0	52	0	0	3
232	175	0	3.64755044	0.68797588	0.688653376	0.68797588	0.689430263	0.00145438271	0.000767643225	0	52.7	0	0	3
233	175	0	3.66327264	0.687937959	0.688606742	0.687937959	0.689372518	0.00143455927	0.000767643225	0	53.5	0	0	3
234	176	0	3.67899484	0.687901096	0.68856076	0.687901096	0.68931577	0.00141467482	0.000767643225	0	54.2	0	0	3
235	177	0	3.69471704	0.687865002	0.688515424	0.687865002	0.689260555	0.0013955529	0.000767643225	0	55	0	0	3
236	178	0	3.71043924	0.687829604	0.688470706	0.687829604	0.689204923	0.00137531853	0.000767643225	0	55.8	0	0	3
237	179	0	3.72616144	0.687794237	0.688426622	0.687794237	0.689150859	0.00135662206	0.000767643225	0	56.5	0	0	3
238	180	0	3.74188364	0.687759583	0.688383145	0.687759583	0.689097501	0.00133791849	0.000767643225	0	57.3	0	0	3
239	181	0	3.75760584	0.687725408	0.688340267	0.687725408	0.689044758	0.00131934952	0.000767643225	0	58.1	0	0	3
240	182	0	3.77332804	0.687691163	0.688297967	0.687691163	0.688992232	0.00130106901	0.000767643225	0	59	0	0	3
241	182	0	3.78905024	0.687657558	0.688256259	0.687657558	0.688941514	0.00128395573	0.000767643225	0	59.7	0	0	3
242	183	0	3.80477244	0.687624661	0.688215107	0.687624661	0.688891075	0.00126641421	0.000767643225	0	60.6	0	0	3
243	184	0	3.82049464	0.687592698	0.688174533	0.687592698	0.68884203	0.00124933212	0.000767643225	0	61.4	0	0	3
244	185	0	3.83621684	0.687560968	0.6881345	0.687560968	0.688792992	0.00123202422	0.000767643225	0	62.3	0	0	3
245	186	0	3.85193904	0.687529384	0.688095012	0.687529384	0.688744955	0.00121557119	0.000767643225	0	63.1	0	0	3
246	187	0	3.86766124	0.687498232	0.688056052	0.687498232	0.688697434	0.00119920261	0.000767643225	0	64	0	0	3
247	187	0	3.88338344	0.687467682	0.688017622	0.687467682	0.688650299	0.00118261749	0.000767643225	0	64.9	0	0	3
248	188	0	3.89910564	0.687436967	0.687979705	0.687436967	0.688602998	0.00116603072	0.000767643225	0	65.8	0	0	3
249	189	0	3.91482784	0.687406415	0.687942312	0.687406415	0.688557262	0.00115084701	0.000767643225	0	66.7	0	0	3
250	190	0	3.93055004	0.687376501	0.687905413	0.687376501	0.688512054	0.00113555292	0.000767643225	0	67.6	0	0	3
251	191	0	3.94627224	0.687347528	0.687869022	0.687347528	0.688468248	0.00112072005	0.000767643225	0	68.4	0	0	3
252	192	0	3.96199444	0.687319145	0.687833112	0.687319145	0.688423634	0.00110448938	0.000767643225	0	69.5	0	0	3
253	193	0	3.97771664	0.687290594	0.687797705	0.687290594	0.688380486	0.00108989254	0.000767643225	0	70.4	0	0	3
254	193	0	3.99343884	0.68726273	0.687762775	0.68726273	0.688337632	0.00107490256	0.000767643225	0	71.4	0	0	3
255	194	0	4.00916104	0.687235114	0.687728321	0.687235114	0.6882953	0.00106018636	0.000767643225	0	72.4	0	0	3
