Iteration	CPUTime	PhysTime	Travels	Value	AvValue	MinValue	MaxValue	Delta	Criteria	PrevAvRefValue	Progress	CriteriaType	CriteriaVarType	CriteriaPercentage
1	4	0	0.0115067956	293.2	293.2	293.2	293.2	0	0	0	0	0	0	3
2	5	0	0.0230135911	293.200001	293.2	293.2	293.200001	1.30703029e-07	0	0	0	0	0	3
3	6	0	0.0345203867	293.200001	293.200001	293.2	293.200001	2.83404006e-07	0	0	0	0	0	3
4	7	0	0.0460271823	293.200001	293.200001	293.2	293.200001	4.60261788e-07	0	0	0	0	0	3
5	8	0	0.0575339778	293.200002	293.200001	293.2	293.200002	6.6002292e-07	0	0	0	0	0	3
6	9	0	0.0690407734	293.200003	293.200001	293.2	293.200003	9.53630604e-07	0	0	0	0	0	3
7	10	0	0.080547569	293.200004	293.200002	293.2	293.200004	1.35487363e-06	0	0	0	0	0	3
8	11	0	0.0920543645	293.200006	293.200002	293.2	293.200006	1.85186082e-06	0	0	0	0	0	3
9	12	0	0.10356116	293.200007	293.200003	293.2	293.200007	2.42708018e-06	0	0	0	0	0	3
10	13	0	0.115067956	293.200009	293.200003	293.2	293.200009	3.06633331e-06	0	0	0	0	0	3
11	14	0	0.126574751	293.200012	293.200004	293.2	293.200012	3.85268174e-06	0	0	0	0	0	3
12	14	0	0.138081547	293.200015	293.200005	293.2	293.200015	4.76810851e-06	0	0	0	0	0	3
13	15	0	0.149588342	293.200019	293.200006	293.2	293.200019	5.80327765e-06	0	0	0	0	0	3
14	16	0	0.161095138	293.200022	293.200007	293.2	293.200022	6.95255858e-06	0	0	0	0	0	3
15	17	0	0.172601933	293.200026	293.200009	293.2	293.200026	8.21464988e-06	0	0	0	0	0	3
16	18	0	0.184108729	293.200033	293.20001	293.2	293.200033	9.76085232e-06	0	0	0	0	0	3
17	19	0	0.195615525	293.200042	293.200012	293.2	293.200042	1.16178449e-05	0	0	0	0	0	3
18	20	0	0.20712232	293.200052	293.200014	293.2	293.200052	1.38157922e-05	0	0	0	0	0	3
19	21	0	0.218629116	293.200063	293.200017	293.2	293.200063	1.64060264e-05	0	0	0	0	0	3
20	22	0	0.230135911	293.200077	293.20002	293.2	293.200077	1.94314499e-05	0	0	0	0	0	3
21	23	0	0.241642707	293.200105	293.200024	293.2	293.200105	2.34696211e-05	0	0	0	0	0	3
22	24	0	0.253149502	293.200139	293.200029	293.2	293.200139	2.87129981e-05	0	0	0	0	0	3
23	25	0	0.264656298	293.20018	293.200036	293.2	293.20018	3.52675368e-05	0	0	0	0	0	3
24	26	0	0.276163094	293.200226	293.200044	293.2	293.200226	4.32034566e-05	0	0	0	0	0	3
25	27	0	0.287669889	293.200277	293.200053	293.2	293.200277	5.25313146e-05	0	0	0	0	0	3
26	28	0	0.299176685	293.200363	293.200065	293.2	293.200363	6.4455158e-05	0	0	0	0	0	3
27	29	0	0.31068348	293.200456	293.200079	293.2	293.200456	7.89336431e-05	0	0	0	0	0	3
28	30	0	0.322190276	293.200554	293.200096	293.2	293.200554	9.58976198e-05	0	0	0	0	0	3
29	31	0	0.333697071	293.200661	293.200116	293.2	293.200661	0.000115364409	0	0	0	0	0	3
30	32	0	0.345203867	293.200775	293.200138	293.2	293.200775	0.000137341027	0	0	0	0	0	3
31	33	0	0.356710663	293.200957	293.200164	293.2	293.200957	0.000163761869	0	0	0	0	0	3
32	34	0	0.368217458	293.201142	293.200195	293.2	293.201142	0.000194333258	0	0	0	0	0	3
33	35	0	0.379724254	293.201332	293.200229	293.2	293.201332	0.000228804796	0	0	0	0	0	3
34	36	0	0.391231049	293.201522	293.200267	293.2	293.201522	0.000266832289	0	0	0	0	0	3
35	37	0	0.402737845	293.201705	293.200308	293.2	293.201705	0.00030791644	0	0	0	0	0	3
36	38	0	0.41424464	293.20197	293.200354	293.2	293.20197	0.00035407747	0	0	0	0	0	3
37	39	0	0.425751436	293.202234	293.200405	293.2	293.202234	0.00040488197	0	0	0	0	0	3
38	40	0	0.437258232	293.20251	293.200461	293.2	293.20251	0.000460283622	0	0	0	0	0	3
39	41	0	0.448765027	293.202791	293.20052	293.2	293.202791	0.000520040101	0	0	0	0	0	3
40	42	0	0.460271823	293.203074	293.200584	293.2	293.203074	0.000583876215	0	0	0	0	0	3
41	43	0	0.471778618	293.203486	293.200655	293.2	293.203486	0.000654645006	0	0	0	0	0	3
42	44	0	0.483285414	293.203898	293.200732	293.2	293.203898	0.000731858568	0	0	0	0	0	3
43	45	0	0.494792209	293.204311	293.200815	293.2	293.204311	0.000815087364	0	0	0	0	0	3
44	46	0	0.506299005	293.20472	293.200904	293.2	293.20472	0.000903828956	0	0	0	0	0	3
45	47	0	0.5178058	293.205129	293.201021	293.200001	293.205129	0.00102026858	0	0	0	0	0	3
46	48	0	0.529312596	293.205538	293.201147	293.200001	293.205538	0.00114595988	0	0	0	0	0	3
47	49	0	0.540819392	293.205945	293.201282	293.200001	293.205945	0.00128088408	0	0	0	0	0	3
48	50	0	0.552326187	293.206356	293.201426	293.200002	293.206356	0.00142510053	0	0	0	0	0	3
49	51	0	0.563832983	293.206767	293.20158	293.200003	293.206767	0.00157855695	0	0	0	0	0	3
50	52	0	0.575339778	293.207187	293.201743	293.200004	293.207187	0.00174144343	0	0	0	0	0	3
51	53	0	0.586846574	293.207608	293.201916	293.200006	293.207608	0.00191375574	0	0	0	0	0	3
52	54	0	0.598353369	293.208033	293.202098	293.200007	293.208033	0.00209562084	0	0	0	0	0	3
53	55	0	0.609860165	293.208458	293.20229	293.200009	293.208458	0.00228704835	0	0	0	0	0	3
54	57	0	0.621366961	293.208892	293.202492	293.200012	293.208892	0.00248814288	0	0	0	0	0	3
55	58	0	0.632873756	293.209324	293.202704	293.200015	293.209324	0.0026988577	0	0	0	0	0	3
56	59	0	0.644380552	293.209762	293.202925	293.200019	293.209762	0.00291934025	0	0	0	0	0	3
57	60	0	0.655887347	293.210198	293.203157	293.200022	293.210198	0.00314953908	0	0	0	0	0	3
58	61	0	0.667394143	293.210641	293.203398	293.200026	293.210641	0.003389602	0	0	0	0	0	3
59	62	0	0.678900938	293.211077	293.203649	293.200033	293.211077	0.00363921842	0	0	0	0	0	3
60	63	0	0.690407734	293.211523	293.20391	293.200042	293.211523	0.00389848976	0	0	0	0	0	3
61	64	0	0.70191453	293.211966	293.204181	293.200052	293.211966	0.00416730333	0	0	0	0	0	3
62	65	0	0.713421325	293.21242	293.204463	293.200063	293.21242	0.00444581886	0	0	0	0	0	3
63	66	0	0.724928121	293.212872	293.204754	293.200077	293.212872	0.00473388969	0	0	0	0	0	3
64	67	0	0.736434916	293.21333	293.205055	293.200105	293.21333	0.005031043	0	0	0	0	0	3
65	68	0	0.747941712	293.213787	293.205366	293.200139	293.213787	0.00533675447	0	0	0	0	0	3
66	69	0	0.759448507	293.214253	293.205687	293.20018	293.214253	0.00565097679	0	0	0	0	0	3
67	70	0	0.770955303	293.214718	293.206017	293.200226	293.214718	0.00597344548	0	0	0	0	0	3
68	71	0	0.782462098	293.21519	293.206357	293.200277	293.21519	0.00630420533	0	0	0	0	0	3
69	72	0	0.793968894	293.215662	293.206707	293.200363	293.215662	0.00664195247	0	0	0	0	0	3
70	73	0	0.80547569	293.216142	293.207065	293.200456	293.216142	0.00698609048	0	0	0	0	0	3
71	74	0	0.816982485	293.216624	293.207433	293.200554	293.216624	0.00733658502	0	0	0	0	0	3
72	75	0	0.828489281	293.217111	293.207809	293.200661	293.217111	0.00769341805	0	0	0	0	0	3
73	76	0	0.839996076	293.217598	293.208194	293.200775	293.217598	0.00805637695	0	0	0	0	0	3
74	77	0	0.851502872	293.21809	293.208588	293.200957	293.21809	0.00842348853	0	0	0	0	0	3
75	79	0	0.863009667	293.218582	293.208988	293.201142	293.218582	0.00879349232	0	0	0	0	0	3
76	80	0	0.874516463	293.219075	293.209396	293.201332	293.219075	0.00916658379	0	0	0	0	0	3
77	81	0	0.886023259	293.219568	293.20981	293.201522	293.219568	0.00954299869	0	0	0	0	0	3
78	82	0	0.897530054	293.220064	293.210232	293.201705	293.220064	0.00992331375	0	0	0	0	0	3
79	83	0	0.90903685	293.220557	293.21066	293.20197	293.220557	0.0103055978	0	0	0	0	0	3
80	84	0	0.920543645	293.221055	293.211094	293.202234	293.221055	0.0106885378	0	0	0	0	0	3
81	85	0	0.932050441	293.221548	293.211533	293.20251	293.221548	0.011072098	0	0	0	0	0	3
82	86	0	0.943557236	293.222043	293.211977	293.202791	293.222043	0.0114562664	0	0	0	0	0	3
83	87	0	0.955064032	293.222537	293.212425	293.203074	293.222537	0.0118411959	0	0	0	0	0	3
84	88	0	0.966570828	293.223029	293.212879	293.203486	293.223029	0.0122239617	0	0	0	0	0	3
85	89	0	0.978077623	293.223519	293.213334	293.203898	293.223519	0.0126020487	0	0	0	0	0	3
86	90	0	0.989584419	293.22401	293.213791	293.204311	293.22401	0.0129759157	0	0	0	0	0	3
87	91	0	1.00109121	293.224498	293.21425	293.20472	293.224498	0.0133459715	0.000734915771	0	5.5	0	0	3
88	92	0	1.01259801	293.224983	293.214711	293.205129	293.224983	0.0136899287	0.000749470276	0	5.4	0	0	3
89	93	0	1.02410481	293.225463	293.215173	293.205538	293.225463	0.0140262169	0.000756669963	0	5.3	0	0	3
90	95	0	1.0356116	293.225945	293.215637	293.205945	293.225945	0.0143549214	0.000763885135	0	5.3	0	0	3
91	96	0	1.0471184	293.226419	293.216102	293.206356	293.226419	0.0146758219	0.00077104519	0	5.2	0	0	3
92	97	0	1.05862519	293.226896	293.216569	293.206767	293.226896	0.0149888899	0.000778193412	0	5.1	0	0	3
93	98	0	1.07013199	293.227365	293.217037	293.207187	293.227365	0.0152937322	0.000785296601	0	5.1	0	0	3
94	99	0	1.08163878	293.227836	293.217506	293.207608	293.227836	0.0155902139	0.000792385181	0	5	0	0	3
95	100	0	1.09314558	293.2283	293.217976	293.208033	293.2283	0.0158780552	0.000799434784	0	5	0	0	3
96	101	0	1.10465237	293.228765	293.218448	293.208458	293.228765	0.0161571671	0.000806461191	0	4.9	0	0	3
97	102	0	1.11615917	293.229223	293.21892	293.208892	293.229223	0.0164272177	0.000813448768	0	4.9	0	0	3
98	103	0	1.12766597	293.229683	293.219392	293.209324	293.229683	0.0166881184	0.000820411893	0	4.9	0	0	3
99	104	0	1.13917276	293.230137	293.219865	293.209762	293.230137	0.0169396233	0.000827339772	0	4.8	0	0	3
100	105	0	1.15067956	293.23059	293.220338	293.210198	293.23059	0.0171816423	0.000834239503	0	4.8	0	0	3
101	107	0	1.16218635	293.231037	293.220812	293.210641	293.231037	0.0174139403	0.000841103262	0	4.8	0	0	3
102	108	0	1.17369315	293.231485	293.221286	293.211077	293.231485	0.0176365125	0.000847932861	0	4.8	0	0	3
103	109	0	1.18519994	293.231928	293.22176	293.211523	293.231928	0.0178492594	0.000854723715	0	4.7	0	0	3
104	110	0	1.19670674	293.23237	293.222233	293.211966	293.23237	0.018052044	0.000861478407	0	4.7	0	0	3
105	111	0	1.20821353	293.232805	293.222707	293.21242	293.232805	0.0182445595	0.000868188737	0	4.7	0	0	3
106	112	0	1.21972033	293.233241	293.22318	293.212872	293.233241	0.0184266556	0.000874857826	0	4.7	0	0	3
107	113	0	1.23122713	293.233671	293.223653	293.21333	293.233671	0.0185981858	0.000881465117	0	4.7	0	0	3
108	114	0	1.24273392	293.234104	293.224125	293.213787	293.234104	0.0187593794	0.00088801208	0	4.7	0	0	3
109	115	0	1.25424072	293.234533	293.224597	293.214253	293.234533	0.0189101019	0.000894492556	0	4.7	0	0	3
110	116	0	1.26574751	293.234961	293.225067	293.214718	293.234961	0.0190503279	0.000900908126	0	4.7	0	0	3
111	117	0	1.27725431	293.235385	293.225537	293.21519	293.235385	0.0191799522	0.000907255539	0	4.7	0	0	3
112	118	0	1.2887611	293.235809	293.226006	293.215662	293.235809	0.0192988977	0.000913500711	0	4.7	0	0	3
113	119	0	1.3002679	293.236231	293.226473	293.216142	293.236231	0.0194077555	0.000919645396	0	4.7	0	0	3
114	120	0	1.31177469	293.236652	293.226939	293.216624	293.236652	0.0195064358	0.000925693191	0	4.7	0	0	3
115	121	0	1.32328149	293.237068	293.227404	293.217111	293.237068	0.0195947799	0.0009316407	0	4.7	0	0	3
116	122	0	1.33478829	293.237486	293.227867	293.217598	293.237486	0.0196729125	0.000937492518	0	4.7	0	0	3
117	123	0	1.34629508	293.237899	293.228328	293.21809	293.237899	0.0197407631	0.000943184831	0	4.7	0	0	3
118	125	0	1.35780188	293.238309	293.228788	293.218582	293.238309	0.0197273331	0.000948727561	0	4.8	0	0	3
119	126	0	1.36930867	293.238715	293.229245	293.219075	293.238715	0.019640263	0.000954126563	0	4.8	0	0	3
120	127	0	1.38081547	293.239122	293.229701	293.219568	293.239122	0.0195545022	0.000959395566	0	4.9	0	0	3
121	128	0	1.39232226	293.239522	293.230155	293.220064	293.239522	0.0194582874	0.000964545827	0	4.9	0	0	3
122	129	0	1.40382906	293.239926	293.230606	293.220557	293.239926	0.0193689989	0.000969520785	0	5	0	0	3
123	130	0	1.41533585	293.24032	293.231055	293.221055	293.24032	0.0192652466	0.00097432788	0	5	0	0	3
124	131	0	1.42684265	293.240718	293.231502	293.221548	293.240718	0.0191693018	0.000978973606	0	5.1	0	0	3
125	132	0	1.43834945	293.241109	293.231947	293.222043	293.241109	0.0190656495	0.00098346196	0	5.1	0	0	3
126	133	0	1.44985624	293.241498	293.232389	293.222537	293.241498	0.0189612962	0.00098780213	0	5.2	0	0	3
127	134	0	1.46136304	293.241881	293.232828	293.223029	293.241881	0.0188514057	0.000991903337	0	5.2	0	0	3
128	136	0	1.47286983	293.242265	293.233266	293.223519	293.242265	0.0187457905	0.00099578384	0	5.3	0	0	3
129	137	0	1.48437663	293.242641	293.2337	293.22401	293.242641	0.0186305666	0.000999453057	0	5.3	0	0	3
130	138	0	1.49588342	293.243019	293.234132	293.224498	293.243019	0.0185206809	0.00100293002	0	5.4	0	0	3
131	139	0	1.50739022	293.24339	293.234561	293.224983	293.24339	0.0184069855	0.00100622308	0	5.4	0	0	3
132	140	0	1.51889701	293.243758	293.234988	293.225463	293.243758	0.0182947938	0.00100934277	0	5.5	0	0	3
133	141	0	1.53040381	293.244118	293.235412	293.225945	293.244118	0.0181731967	0.00101229597	0	5.5	0	0	3
134	142	0	1.54191061	293.244482	293.235833	293.226419	293.244482	0.0180628452	0.00101509383	0	5.6	0	0	3
135	143	0	1.5534174	293.244836	293.236252	293.226896	293.244836	0.0179408461	0.00101773959	0	5.6	0	0	3
136	144	0	1.5649242	293.245191	293.236668	293.227365	293.245191	0.0178263925	0.00102023684	0	5.7	0	0	3
137	146	0	1.57643099	293.24554	293.237081	293.227836	293.24554	0.017703431	0.00102259127	0	5.7	0	0	3
138	147	0	1.58793779	293.245887	293.237491	293.2283	293.245887	0.0175871603	0.00102480765	0	5.8	0	0	3
139	148	0	1.59944458	293.246229	293.237899	293.228765	293.246229	0.0174642833	0.00102689071	0	5.8	0	0	3
140	149	0	1.61095138	293.246572	293.238303	293.229223	293.246572	0.0173484359	0.0010288436	0	5.9	0	0	3
141	150	0	1.62245817	293.246905	293.238705	293.229683	293.246905	0.0172212827	0.00103066915	0	5.9	0	0	3
142	151	0	1.63396497	293.247239	293.239104	293.230137	293.247239	0.0171018312	0.00103237152	0	6	0	0	3
143	152	0	1.64547177	293.247568	293.2395	293.23059	293.247568	0.0169782862	0.00103395624	0	6	0	0	3
144	154	0	1.65697856	293.247896	293.239894	293.231037	293.247896	0.0168585024	0.00103542469	0	6.1	0	0	3
145	155	0	1.66848536	293.248217	293.240284	293.231485	293.248217	0.0167319508	0.00103678259	0	6.1	0	0	3
146	156	0	1.67999215	293.248537	293.240672	293.231928	293.248537	0.016609454	0.00103803089	0	6.2	0	0	3
147	157	0	1.69149895	293.24885	293.241056	293.23237	293.24885	0.0164803808	0.00103917246	0	6.3	0	0	3
148	159	0	1.70300574	293.249161	293.241438	293.232805	293.249161	0.0163554208	0.00104020607	0	6.3	0	0	3
149	160	0	1.71451254	293.249468	293.241817	293.233241	293.249468	0.0162268867	0.00104113626	0	6.4	0	0	3
150	161	0	1.72601933	293.249772	293.242192	293.233671	293.249772	0.0161006267	0.00104196377	0	6.4	0	0	3
151	162	0	1.73752613	293.250071	293.242565	293.234104	293.250071	0.015966839	0.00104269142	0	6.5	0	0	3
152	163	0	1.74903293	293.25037	293.242935	293.234533	293.25037	0.0158370019	0.00104331904	0	6.5	0	0	3
153	164	0	1.76053972	293.250662	293.243301	293.234961	293.250662	0.0157008596	0.00104384951	0	6.6	0	0	3
154	166	0	1.77204652	293.250952	293.243665	293.235385	293.250952	0.015567526	0.00104428274	0	6.7	0	0	3
155	167	0	1.78355331	293.251238	293.244025	293.235809	293.251238	0.0154292379	0.00104462095	0	6.7	0	0	3
156	168	0	1.79506011	293.251522	293.244382	293.236231	293.251522	0.0152908738	0.00104486412	0	6.8	0	0	3
157	169	0	1.8065669	293.251803	293.244736	293.236652	293.251803	0.0151507648	0.00104501421	0	6.8	0	0	3
158	170	0	1.8180737	293.252082	293.245087	293.237068	293.252082	0.0150135611	0.00104507189	0	6.9	0	0	3
159	171	0	1.82958049	293.252354	293.245434	293.237486	293.252354	0.0148678546	0.00104503882	0	7	0	0	3
160	172	0	1.84108729	293.252627	293.245778	293.237899	293.252627	0.0147280139	0.00104491625	0	7	0	0	3
161	174	0	1.85259409	293.252895	293.246119	293.238309	293.252895	0.0145861276	0.00104470663	0	7.1	0	0	3
162	175	0	1.86410088	293.253162	293.246457	293.238715	293.253162	0.0144466597	0.00104441197	0	7.2	0	0	3
163	176	0	1.87560768	293.253425	293.246791	293.239122	293.253425	0.0143028638	0.00104403446	0	7.2	0	0	3
164	177	0	1.88711447	293.253688	293.247122	293.239522	293.253688	0.0141658999	0.0010435759	0	7.3	0	0	3
165	178	0	1.89862127	293.253943	293.24745	293.239926	293.253943	0.0140175017	0.00104303769	0	7.4	0	0	3
166	179	0	1.91012806	293.254198	293.247774	293.24032	293.254198	0.0138782539	0.00104242082	0	7.5	0	0	3
167	180	0	1.92163486	293.25445	293.248095	293.240718	293.25445	0.0137319819	0.00104172854	0	7.5	0	0	3
168	182	0	1.93314166	293.254699	293.248413	293.241109	293.254699	0.0135903857	0.00104096252	0	7.6	0	0	3
169	183	0	1.94464845	293.254946	293.248727	293.241498	293.254946	0.0134477876	0.00104012484	0	7.7	0	0	3
170	184	0	1.95615525	293.255192	293.249039	293.241881	293.255192	0.0133110624	0.0010392182	0	7.8	0	0	3
171	185	0	1.96766204	293.255432	293.249347	293.242265	293.255432	0.0131675536	0.00103824418	0	7.8	0	0	3
172	186	0	1.97916884	293.255671	293.249651	293.242641	293.255671	0.0130305491	0.00103720405	0	7.9	0	0	3
173	187	0	1.99067563	293.255907	293.249953	293.243019	293.255907	0.0128882963	0.00103610016	0	8	0	0	3
174	189	0	2.00218243	293.256141	293.250251	293.24339	293.256141	0.0127503356	0.00103493487	0	8.1	0	0	3
175	190	0	2.01368922	293.256372	293.250546	293.243758	293.256372	0.0126138162	0.00103371127	0	8.1	0	0	3
176	191	0	2.02519602	293.256601	293.250838	293.244118	293.256601	0.0124829218	0.00103243006	0	8.2	0	0	3
177	192	0	2.03670282	293.256826	293.251127	293.244482	293.256826	0.0123436787	0.00103109412	0	8.3	0	0	3
178	193	0	2.04820961	293.25705	293.251412	293.244836	293.25705	0.0122131848	0.00102970431	0	8.4	0	0	3
179	195	0	2.05971641	293.25727	293.251695	293.245191	293.25727	0.0120796036	0.00102826383	0	8.5	0	0	3
180	196	0	2.0712232	293.257491	293.251975	293.24554	293.257491	0.0119510305	0.00102677318	0	8.5	0	0	3
181	197	0	2.08273	293.257707	293.252251	293.245887	293.257707	0.0118196421	0.00102523521	0	8.6	0	0	3
182	198	0	2.09423679	293.257923	293.252525	293.246229	293.257923	0.0116935387	0.00102365099	0	8.7	0	0	3
183	199	0	2.10574359	293.258134	293.252795	293.246572	293.258134	0.011561833	0.00102202242	0	8.8	0	0	3
184	200	0	2.11725038	293.258345	293.253063	293.246905	293.258345	0.0114402724	0.00102035051	0	8.9	0	0	3
185	201	0	2.12875718	293.258552	293.253327	293.247239	293.258552	0.0113130728	0.00101863721	0	9	0	0	3
186	203	0	2.14026398	293.258757	293.253589	293.247568	293.258757	0.0111881257	0.00101688322	0	9	0	0	3
187	204	0	2.15177077	293.258959	293.253848	293.247896	293.258959	0.0110635799	0.00101509101	0	9.1	0	0	3
188	205	0	2.16327757	293.259162	293.254104	293.248217	293.259162	0.0109447653	0.00101326141	0	9.2	0	0	3
189	206	0	2.17478436	293.25936	293.254357	293.248537	293.25936	0.0108224569	0.00101139569	0	9.3	0	0	3
190	207	0	2.18629116	293.259558	293.254608	293.24885	293.259558	0.010707474	0.0010094951	0	9.4	0	0	3
191	208	0	2.19779795	293.259752	293.254856	293.249161	293.259752	0.0105907886	0.00100756136	0	9.5	0	0	3
192	210	0	2.20930475	293.259943	293.255101	293.249468	293.259943	0.0104759778	0.00100559493	0	9.5	0	0	3
193	211	0	2.22081154	293.260133	293.255343	293.249772	293.260133	0.0103610065	0.00100359733	0	9.6	0	0	3
194	212	0	2.23231834	293.260321	293.255583	293.250071	293.260321	0.0102503865	0.00100156854	0	9.7	0	0	3
195	213	0	2.24382514	293.260507	293.25582	293.25037	293.260507	0.0101371881	0.000999509808	0	9.8	0	0	3
196	214	0	2.25533193	293.260691	293.256055	293.250662	293.260691	0.010028913	0.000997421582	0	9.9	0	0	3
197	215	0	2.26683873	293.260872	293.256287	293.250952	293.260872	0.00991975849	0.000995305191	0	10	0	0	3
198	217	0	2.27834552	293.261051	293.256516	293.251238	293.261051	0.00981305628	0.000993160719	0	10.1	0	0	3
199	218	0	2.28985232	293.26123	293.256743	293.251522	293.26123	0.009707999	0.00099098934	0	10.2	0	0	3
200	219	0	2.30135911	293.261406	293.256968	293.251803	293.261406	0.0096026282	0.00098879122	0	10.2	0	0	3
201	221	0	2.31286591	293.261579	293.25719	293.252082	293.261579	0.00949726976	0.000986567831	0	10.3	0	0	3
202	222	0	2.3243727	293.261751	293.25741	293.252354	293.261751	0.00939698274	0.000984318938	0	10.4	0	0	3
203	223	0	2.3358795	293.26192	293.257627	293.252627	293.26192	0.00929358429	0.000982045912	0	10.5	0	0	3
204	224	0	2.3473863	293.262088	293.257842	293.252895	293.262088	0.00919264133	0.000979749478	0	10.6	0	0	3
205	225	0	2.35889309	293.262254	293.258055	293.253162	293.262254	0.00909223228	0.00097743098	0	10.7	0	0	3
206	227	0	2.37039989	293.262418	293.258265	293.253425	293.262418	0.00899290591	0.000975090157	0	10.8	0	0	3
207	228	0	2.38190668	293.262579	293.258473	293.253688	293.262579	0.00889101265	0.000972728634	0	10.9	0	0	3
208	229	0	2.39341348	293.262739	293.258679	293.253943	293.262739	0.00879551155	0.000970345674	0	11	0	0	3
209	230	0	2.40492027	293.262896	293.258883	293.254198	293.262896	0.00869773143	0.000967943492	0	11.1	0	0	3
210	231	0	2.41642707	293.263051	293.259084	293.25445	293.263051	0.00860114743	0.000965521138	0	11.2	0	0	3
211	232	0	2.42793386	293.263205	293.259283	293.254699	293.263205	0.00850585917	0.000963080543	0	11.3	0	0	3
212	233	0	2.43944066	293.263358	293.25948	293.254946	293.263358	0.00841222112	0.0009606223	0	11.4	0	0	3
213	235	0	2.45094746	293.263509	293.259674	293.255192	293.263509	0.0083167417	0.000958147791	0	11.5	0	0	3
214	236	0	2.46245425	293.263657	293.259866	293.255432	293.263657	0.00822464052	0.000955656594	0	11.6	0	0	3
215	237	0	2.47396105	293.263804	293.260057	293.255671	293.263804	0.00813295161	0.000953150723	0	11.7	0	0	3
216	238	0	2.48546784	293.26395	293.260245	293.255907	293.26395	0.0080425101	0.000950629587	0	11.8	0	0	3
217	239	0	2.49697464	293.264093	293.260431	293.256141	293.264093	0.00795246192	0.00094809462	0	11.9	0	0	3
218	240	0	2.50848143	293.264236	293.260615	293.256372	293.264236	0.00786412981	0.000945546863	0	12	0	0	3
219	241	0	2.51998823	293.264375	293.260797	293.256601	293.264375	0.00777362197	0.000942987389	0	12.1	0	0	3
220	243	0	2.53149502	293.264514	293.260977	293.256826	293.264514	0.00768802577	0.000940415688	0	12.2	0	0	3
221	244	0	2.54300182	293.26465	293.261154	293.25705	293.26465	0.0076007623	0.000937833618	0	12.3	0	0	3
222	245	0	2.55450862	293.264785	293.26133	293.25727	293.264785	0.00751481532	0.000935241018	0	12.4	0	0	3
223	246	0	2.56601541	293.264918	293.261504	293.257491	293.264918	0.00742779195	0.000932638986	0	12.5	0	0	3
224	247	0	2.57752221	293.265051	293.261676	293.257707	293.265051	0.00734384149	0.000930027786	0	12.6	0	0	3
225	248	0	2.589029	293.26518	293.261846	293.257923	293.26518	0.00725761214	0.000927408269	0	12.7	0	0	3
226	249	0	2.6005358	293.265309	293.262014	293.258134	293.265309	0.00717561677	0.000924780321	0	12.8	0	0	3
227	251	0	2.61204259	293.265436	293.26218	293.258345	293.265436	0.00709163033	0.000922145869	0	13	0	0	3
228	252	0	2.62354939	293.265562	293.262344	293.258552	293.265562	0.00701004865	0.000919504364	0	13.1	0	0	3
229	253	0	2.63505618	293.265685	293.262506	293.258757	293.265685	0.00692830125	0.000916856396	0	13.2	0	0	3
230	254	0	2.64656298	293.265807	293.262666	293.258959	293.265807	0.00684806239	0.0009142025	0	13.3	0	0	3
231	255	0	2.65806978	293.265928	293.262824	293.259162	293.265928	0.00676595635	0.000911543605	0	13.4	0	0	3
232	256	0	2.66957657	293.266047	293.262981	293.25936	293.266047	0.00668723717	0.000908879793	0	13.5	0	0	3
233	258	0	2.68108337	293.266164	293.263136	293.259558	293.266164	0.00660617437	0.000906212187	0	13.7	0	0	3
234	259	0	2.69259016	293.266281	293.263288	293.259752	293.266281	0.00652882209	0.000903541277	0	13.8	0	0	3
235	260	0	2.70409696	293.266395	293.263439	293.259943	293.266395	0.00645179242	0.000900867573	0	13.9	0	0	3
236	261	0	2.71560375	293.26651	293.263589	293.260133	293.26651	0.00637682015	0.000898191514	0	14	0	0	3
237	262	0	2.72711055	293.266621	293.263736	293.260321	293.266621	0.00629973035	0.000895513594	0	14.2	0	0	3
238	263	0	2.73861734	293.266733	293.263882	293.260507	293.266733	0.00622617591	0.00089283404	0	14.3	0	0	3
239	265	0	2.75012414	293.266842	293.264026	293.260691	293.266842	0.00615165123	0.000890153664	0	14.4	0	0	3
240	266	0	2.76163094	293.266951	293.264168	293.260872	293.266951	0.00607859006	0.000887472597	0	14.5	0	0	3
241	267	0	2.77313773	293.267058	293.264309	293.261051	293.267058	0.00600699751	0.000884791617	0	14.7	0	0	3
242	268	0	2.78464453	293.267164	293.264448	293.26123	293.267164	0.00593444759	0.000882110854	0	14.8	0	0	3
243	269	0	2.79615132	293.267269	293.264585	293.261406	293.267269	0.00586368979	0.000879430589	0	14.9	0	0	3
244	270	0	2.80765812	293.267373	293.26472	293.261579	293.267373	0.00579410744	0.00087675104	0	15.1	0	0	3
245	271	0	2.81916491	293.267475	293.264854	293.261751	293.267475	0.00572328449	0.00087407292	0	15.2	0	0	3
246	273	0	2.83067171	293.267576	293.264987	293.26192	293.267576	0.00565554451	0.000871396196	0	15.4	0	0	3
247	274	0	2.8421785	293.267676	293.265118	293.262088	293.267676	0.00558772909	0.000868721289	0	15.5	0	0	3
248	275	0	2.8536853	293.267775	293.265247	293.262254	293.267775	0.00552024197	0.000866048326	0	15.6	0	0	3
249	276	0	2.8651921	293.267872	293.265374	293.262418	293.267872	0.00545431366	0.00086337776	0	15.8	0	0	3
250	277	0	2.87669889	293.267969	293.265501	293.262579	293.267969	0.00539060507	0.000860709482	0	15.9	0	0	3
251	278	0	2.88820569	293.268064	293.265625	293.262739	293.268064	0.00532569259	0.000858044401	0	16.1	0	0	3
252	279	0	2.89971248	293.268158	293.265748	293.262896	293.268158	0.00526244224	0.000855382345	0	16.2	0	0	3
253	281	0	2.91121928	293.268251	293.26587	293.263051	293.268251	0.00520000366	0.000852723623	0	16.3	0	0	3
254	282	0	2.92272607	293.268344	293.26599	293.263205	293.268344	0.00513856887	0.000850068589	0	16.5	0	0	3
255	283	0	2.93423287	293.268434	293.266109	293.263358	293.268434	0.00507582106	0.000847417236	0	16.6	0	0	3
256	284	0	2.94573966	293.268524	293.266227	293.263509	293.268524	0.00501571819	0.000844769641	0	16.8	0	0	3
257	285	0	2.95724646	293.268612	293.266343	293.263657	293.268612	0.00495534632	0.000842126288	0	16.9	0	0	3
258	287	0	2.96875326	293.268701	293.266457	293.263804	293.268701	0.00489645854	0.000839487434	0	17.1	0	0	3
259	288	0	2.98026005	293.268787	293.266571	293.26395	293.268787	0.00483753085	0.000836853212	0	17.2	0	0	3
260	289	0	2.99176685	293.268873	293.266683	293.264093	293.268873	0.00478014301	0.000834223877	0	17.4	0	0	3
261	290	0	3.00327364	293.268958	293.266793	293.264236	293.268958	0.00472184419	0.000831599482	0	17.6	0	0	3
262	291	0	3.01478044	293.269042	293.266902	293.264375	293.269042	0.00466713144	0.000828980186	0	17.7	0	0	3
263	292	0	3.02628723	293.269125	293.26701	293.264514	293.269125	0.0046110662	0.000826366507	0	17.9	0	0	3
264	293	0	3.03779403	293.269207	293.267117	293.26465	293.269207	0.00455666044	0.00082375835	0	18	0	0	3
265	294	0	3.04930082	293.269288	293.267222	293.264785	293.269288	0.00450276023	0.000821155928	0	18.2	0	0	3
266	296	0	3.06080762	293.269369	293.267326	293.264918	293.269369	0.00445018081	0.000818559186	0	18.3	0	0	3
267	297	0	3.07231442	293.269447	293.267429	293.265051	293.269447	0.00439654425	0.000815968366	0	18.5	0	0	3
268	298	0	3.08382121	293.269526	293.267531	293.26518	293.269526	0.00434533562	0.000813383394	0	18.7	0	0	3
269	299	0	3.09532801	293.269603	293.267632	293.265309	293.269603	0.00429359449	0.000810804784	0	18.8	0	0	3
270	300	0	3.1068348	293.26968	293.267731	293.265436	293.26968	0.00424307916	0.000808232306	0	19	0	0	3
271	301	0	3.1183416	293.269755	293.267829	293.265562	293.269755	0.00419308695	0.000805666337	0	19.2	0	0	3
272	302	0	3.12984839	293.26983	293.267926	293.265685	293.26983	0.00414494824	0.000803107046	0	19.3	0	0	3
273	304	0	3.14135519	293.269903	293.268022	293.265807	293.269903	0.0040958501	0.000800554414	0	19.5	0	0	3
274	305	0	3.15286199	293.269977	293.268117	293.265928	293.269977	0.00404953626	0.00079800848	0	19.7	0	0	3
275	306	0	3.16436878	293.270049	293.26821	293.266047	293.270049	0.00400156148	0.000795469413	0	19.8	0	0	3
276	307	0	3.17587558	293.27012	293.268303	293.266164	293.27012	0.00395615669	0.000792937141	0	20	0	0	3
277	308	0	3.18738237	293.270191	293.268394	293.266281	293.270191	0.00391012223	0.000790412042	0	20.2	0	0	3
278	309	0	3.19888917	293.270261	293.268485	293.266395	293.270261	0.00386532755	0.000787894249	0	20.3	0	0	3
279	310	0	3.21039596	293.270329	293.268574	293.26651	293.270329	0.00381969819	0.000785383839	0	20.5	0	0	3
280	311	0	3.22190276	293.270398	293.268663	293.266621	293.270398	0.00377728434	0.000782880868	0	20.7	0	0	3
281	313	0	3.23340955	293.270466	293.26875	293.266733	293.270466	0.00373264985	0.000780385424	0	20.9	0	0	3
282	314	0	3.24491635	293.270532	293.268836	293.266842	293.270532	0.00368966803	0.000777897497	0	21	0	0	3
283	315	0	3.25642315	293.270598	293.268922	293.266951	293.270598	0.00364708512	0.000775417256	0	21.2	0	0	3
284	316	0	3.26792994	293.270663	293.269006	293.267058	293.270663	0.00360463309	0.000772944828	0	21.4	0	0	3
285	317	0	3.27943674	293.270727	293.26909	293.267164	293.270727	0.00356256318	0.000770480007	0	21.6	0	0	3
286	318	0	3.29094353	293.270791	293.269172	293.267269	293.270791	0.00352204084	0.000768023182	0	21.8	0	0	3
287	319	0	3.30245033	293.270854	293.269253	293.267373	293.270854	0.00348089028	0.000765574316	0	21.9	0	0	3
288	320	0	3.31395712	293.270916	293.269334	293.267475	293.270916	0.00344174712	0.000763133404	0	22.1	0	0	3
289	322	0	3.32546392	293.270978	293.269414	293.267576	293.270978	0.00340164408	0.000760700643	0	22.3	0	0	3
290	323	0	3.33697071	293.271039	293.269492	293.267676	293.271039	0.0033628886	0.0007582761	0	22.5	0	0	3
291	324	0	3.34847751	293.271098	293.26957	293.267775	293.271098	0.00332381905	0.000755859658	0	22.7	0	0	3
292	325	0	3.35998431	293.271159	293.269647	293.267872	293.271159	0.00328641444	0.000753451668	0	22.9	0	0	3
293	326	0	3.3714911	293.271217	293.269723	293.267969	293.271217	0.00324773756	0.000751052147	0	23.1	0	0	3
294	327	0	3.3829979	293.271275	293.269798	293.268064	293.271275	0.00321105739	0.000748661086	0	23.3	0	0	3
295	328	0	3.39450469	293.271333	293.269872	293.268158	293.271333	0.00317459667	0.000746278634	0	23.5	0	0	3
296	330	0	3.40601149	293.27139	293.269946	293.268251	293.27139	0.00313923712	0.000743904944	0	23.6	0	0	3
297	331	0	3.41751828	293.271446	293.270019	293.268344	293.271446	0.00310278895	0.000741539876	0	23.8	0	0	3
298	332	0	3.42902508	293.271502	293.27009	293.268434	293.271502	0.00306850785	0.00073918343	0	24	0	0	3
299	333	0	3.44053187	293.271558	293.270161	293.268524	293.271558	0.00303333632	0.000736835733	0	24.2	0	0	3
300	334	0	3.45203867	293.271612	293.270231	293.268612	293.271612	0.00299990528	0.000734915771	0	24.4	0	0	3
301	336	0	3.46354547	293.271666	293.270301	293.268701	293.271666	0.00296555215	0.000734915771	0	24.7	0	0	3
302	337	0	3.47505226	293.27172	293.270369	293.268787	293.27172	0.00293246128	0.000734915771	0	25	0	0	3
303	338	0	3.48655906	293.271772	293.270437	293.268873	293.271772	0.0028985146	0.000734915771	0	25.3	0	0	3
304	339	0	3.49806585	293.271824	293.270504	293.268958	293.271824	0.00286643231	0.000734915771	0	25.6	0	0	3
305	340	0	3.50957265	293.271875	293.270571	293.269042	293.271875	0.00283327182	0.000734915771	0	25.9	0	0	3
306	341	0	3.52107944	293.271926	293.270636	293.269125	293.271926	0.00280157324	0.000734915771	0	26.2	0	0	3
307	342	0	3.53258624	293.271977	293.270701	293.269207	293.271977	0.00276976239	0.000734915771	0	26.5	0	0	3
308	344	0	3.54409303	293.272027	293.270765	293.269288	293.272027	0.00273858863	0.000734915771	0	26.8	0	0	3
309	345	0	3.55559983	293.272075	293.270828	293.269369	293.272075	0.00270659906	0.000734915771	0	27.1	0	0	3
310	346	0	3.56710663	293.272124	293.270891	293.269447	293.272124	0.00267656935	0.000734915771	0	27.4	0	0	3
311	347	0	3.57861342	293.272172	293.270953	293.269526	293.272172	0.00264610972	0.000734915771	0	27.7	0	0	3
312	348	0	3.59012022	293.272219	293.271014	293.269603	293.272219	0.00261665072	0.000734915771	0	28	0	0	3
313	349	0	3.60162701	293.272266	293.271075	293.26968	293.272266	0.00258676132	0.000734915771	0	28.4	0	0	3
314	351	0	3.61313381	293.272313	293.271135	293.269755	293.272313	0.00255819182	0.000734915771	0	28.7	0	0	3
315	352	0	3.6246406	293.272359	293.271194	293.26983	293.272359	0.00252911792	0.000734915771	0	29	0	0	3
316	353	0	3.6361474	293.272404	293.271252	293.269903	293.272404	0.00250108442	0.000734915771	0	29.3	0	0	3
317	354	0	3.64765419	293.272449	293.27131	293.269977	293.272449	0.00247212697	0.000734915771	0	29.7	0	0	3
318	355	0	3.65916099	293.272494	293.271367	293.270049	293.272494	0.00244496213	0.000734915771	0	30	0	0	3
319	356	0	3.67066779	293.272537	293.271424	293.27012	293.272537	0.00241734053	0.000734915771	0	30.4	0	0	3
320	357	0	3.68217458	293.272581	293.27148	293.270191	293.272581	0.00239056811	0.000734915771	0	30.7	0	0	3
321	358	0	3.69368138	293.272624	293.271535	293.270261	293.272624	0.00236315031	0.000734915771	0	31	0	0	3
322	359	0	3.70518817	293.272667	293.27159	293.270329	293.272667	0.00233701616	0.000734915771	0	31.4	0	0	3
323	361	0	3.71669497	293.272708	293.271644	293.270398	293.272708	0.00230993731	0.000734915771	0	31.8	0	0	3
324	362	0	3.72820176	293.27275	293.271697	293.270466	293.27275	0.00228440264	0.000734915771	0	32.1	0	0	3
325	363	0	3.73970856	293.272791	293.27175	293.270532	293.272791	0.00225902771	0.000734915771	0	32.5	0	0	3
326	364	0	3.75121535	293.272832	293.271803	293.270598	293.272832	0.00223418085	0.000734915771	0	32.8	0	0	3
327	365	0	3.76272215	293.272872	293.271854	293.270663	293.272872	0.00220872075	0.000734915771	0	33.2	0	0	3
328	366	0	3.77422895	293.272912	293.271905	293.270727	293.272912	0.0021848418	0.000734915771	0	33.6	0	0	3
329	367	0	3.78573574	293.272951	293.271956	293.270791	293.272951	0.00215979049	0.000734915771	0	34	0	0	3
330	368	0	3.79724254	293.27299	293.272006	293.270854	293.27299	0.00213631141	0.000734915771	0	34.4	0	0	3
331	369	0	3.80874933	293.273029	293.272055	293.270916	293.273029	0.00211272826	0.000734915771	0	34.7	0	0	3
332	370	0	3.82025613	293.273067	293.272104	293.270978	293.273067	0.00208972465	0.000734915771	0	35.1	0	0	3
333	372	0	3.83176292	293.273105	293.272152	293.271039	293.273105	0.00206590559	0.000734915771	0	35.5	0	0	3
334	373	0	3.84326972	293.273142	293.2722	293.271098	293.273142	0.00204396547	0.000734915771	0	35.9	0	0	3
335	374	0	3.85477651	293.273179	293.272248	293.271159	293.273179	0.00202051456	0.000734915771	0	36.3	0	0	3
336	375	0	3.86628331	293.273216	293.272294	293.271217	293.273216	0.00199835869	0.000734915771	0	36.7	0	0	3
337	376	0	3.87779011	293.273251	293.272341	293.271275	293.273251	0.00197599595	0.000734915771	0	37.1	0	0	3
338	377	0	3.8892969	293.273287	293.272386	293.271333	293.273287	0.00195427399	0.000734915771	0	37.6	0	0	3
339	378	0	3.9008037	293.273322	293.272431	293.27139	293.273322	0.00193207001	0.000734915771	0	38	0	0	3
340	379	0	3.91231049	293.273357	293.272476	293.271446	293.273357	0.00191079078	0.000734915771	0	38.4	0	0	3
341	380	0	3.92381729	293.273391	293.27252	293.271502	293.273391	0.00188901871	0.000734915771	0	38.9	0	0	3
342	382	0	3.93532408	293.273426	293.272564	293.271558	293.273426	0.00186806582	0.000734915771	0	39.3	0	0	3
343	383	0	3.94683088	293.273459	293.272607	293.271612	293.273459	0.00184691856	0.000734915771	0	39.7	0	0	3
344	384	0	3.95833767	293.273493	293.27265	293.271666	293.273493	0.00182631183	0.000734915771	0	40.2	0	0	3
345	385	0	3.96984447	293.273525	293.272692	293.27172	293.273525	0.0018055622	0.000734915771	0	40.7	0	0	3
346	386	0	3.98135127	293.273558	293.272734	293.271772	293.273558	0.00178609343	0.000734915771	0	41.1	0	0	3
347	387	0	3.99285806	293.27359	293.272775	293.271824	293.27359	0.00176553188	0.000734915771	0	41.6	0	0	3
348	388	0	4.00436486	293.273622	293.272816	293.271875	293.273622	0.00174648482	0.000734915771	0	42	0	0	3
