Iteration	CPUTime	PhysTime	Travels	Value	AvValue	MinValue	MaxValue	Delta	Criteria	PrevAvRefValue	Progress	CriteriaType	CriteriaVarType	CriteriaPercentage
1	4	0	0.0115067956	0.825193513	0.825193513	0.825193513	0.825193513	0	0	0	0	0	0	3
2	5	0	0.0230135911	0.782841991	0.804017752	0.782841991	0.825193513	0.0211757609	0	0	0	0	0	3
3	6	0	0.0345203867	0.756220694	0.7880854	0.756220694	0.825193513	0.0371081137	0	0	0	0	0	3
4	7	0	0.0460271823	0.751421137	0.778919334	0.751421137	0.825193513	0.0462741793	0	0	0	0	0	3
5	8	0	0.0575339778	0.750030071	0.773141482	0.750030071	0.825193513	0.0520520318	0	0	0	0	0	3
6	9	0	0.0690407734	0.749923851	0.769271877	0.749923851	0.825193513	0.0559216368	0	0	0	0	0	3
7	10	0	0.080547569	0.749696074	0.766475333	0.749696074	0.825193513	0.0587181801	0	0	0	0	0	3
8	11	0	0.0920543645	0.749681048	0.764376048	0.749681048	0.825193513	0.0608174658	0	0	0	0	0	3
9	12	0	0.10356116	0.74949483	0.762722579	0.74949483	0.825193513	0.0624709344	0	0	0	0	0	3
10	13	0	0.115067956	0.749550121	0.761405333	0.74949483	0.825193513	0.0637881802	0	0	0	0	0	3
11	14	0	0.126574751	0.749445547	0.76031808	0.749445547	0.825193513	0.0648754334	0	0	0	0	0	3
12	14	0	0.138081547	0.74949822	0.759416425	0.749445547	0.825193513	0.0657770884	0	0	0	0	0	3
13	15	0	0.149588342	0.749519974	0.758655159	0.749445547	0.825193513	0.0665383539	0	0	0	0	0	3
14	16	0	0.161095138	0.749566938	0.758006001	0.749445547	0.825193513	0.0671875126	0	0	0	0	0	3
15	17	0	0.172601933	0.749556477	0.757442699	0.749445547	0.825193513	0.0677508141	0	0	0	0	0	3
16	18	0	0.184108729	0.749600768	0.756952578	0.749445547	0.825193513	0.0682409348	0	0	0	0	0	3
17	19	0	0.195615525	0.74962576	0.756521589	0.749445547	0.825193513	0.0686719242	0	0	0	0	0	3
18	20	0	0.20712232	0.74970362	0.756142813	0.749445547	0.825193513	0.0690507002	0	0	0	0	0	3
19	21	0	0.218629116	0.749734357	0.755805526	0.749445547	0.825193513	0.0693879874	0	0	0	0	0	3
20	22	0	0.230135911	0.749839408	0.75550722	0.749445547	0.825193513	0.0696862933	0	0	0	0	0	3
21	23	0	0.241642707	0.749945701	0.755242386	0.749445547	0.825193513	0.0699511275	0	0	0	0	0	3
22	24	0	0.253149502	0.750160496	0.755011391	0.749445547	0.825193513	0.0701821225	0	0	0	0	0	3
23	25	0	0.264656298	0.750341282	0.754808343	0.749445547	0.825193513	0.0703851707	0	0	0	0	0	3
24	26	0	0.276163094	0.750605805	0.754633237	0.749445547	0.825193513	0.0705602764	0	0	0	0	0	3
25	27	0	0.287669889	0.750858439	0.754482245	0.749445547	0.825193513	0.0707112684	0	0	0	0	0	3
26	28	0	0.299176685	0.751323043	0.754360737	0.749445547	0.825193513	0.0708327761	0	0	0	0	0	3
27	29	0	0.31068348	0.751825878	0.754266853	0.749445547	0.825193513	0.0709266598	0	0	0	0	0	3
28	30	0	0.322190276	0.752354716	0.754198563	0.749445547	0.825193513	0.0709949504	0	0	0	0	0	3
29	31	0	0.333697071	0.752929366	0.754154797	0.749445547	0.825193513	0.0710387158	0	0	0	0	0	3
30	32	0	0.345203867	0.753540162	0.75413431	0.749445547	0.825193513	0.0710592037	0	0	0	0	0	3
31	33	0	0.356710663	0.754513783	0.754146551	0.749445547	0.825193513	0.0710592037	0	0	0	0	0	3
32	34	0	0.368217458	0.755514804	0.754189309	0.749445547	0.825193513	0.0710592037	0	0	0	0	0	3
33	35	0	0.379724254	0.756512154	0.754259698	0.749445547	0.825193513	0.0710592037	0	0	0	0	0	3
34	36	0	0.391231049	0.757533532	0.754355987	0.749445547	0.825193513	0.0710592037	0	0	0	0	0	3
35	37	0	0.402737845	0.758490495	0.754474116	0.749445547	0.825193513	0.0710592037	0	0	0	0	0	3
36	38	0	0.41424464	0.759906965	0.754625028	0.749445547	0.825193513	0.0710592037	0	0	0	0	0	3
37	39	0	0.425751436	0.761260534	0.754804366	0.749445547	0.825193513	0.0710592037	0	0	0	0	0	3
38	40	0	0.437258232	0.762721917	0.755012723	0.749445547	0.825193513	0.0710592037	0	0	0	0	0	3
39	41	0	0.448765027	0.764154456	0.755247126	0.749445547	0.825193513	0.0710592037	0	0	0	0	0	3
40	42	0	0.460271823	0.765626849	0.755506619	0.749445547	0.825193513	0.0710592037	0	0	0	0	0	3
41	43	0	0.471778618	0.767690606	0.75580379	0.749445547	0.825193513	0.0710592037	0	0	0	0	0	3
42	44	0	0.483285414	0.769775328	0.756136446	0.749445547	0.825193513	0.0710592037	0	0	0	0	0	3
43	45	0	0.494792209	0.771727078	0.756499018	0.749445547	0.825193513	0.0710592037	0	0	0	0	0	3
44	46	0	0.506299005	0.773657687	0.756888988	0.749445547	0.825193513	0.0710592037	0	0	0	0	0	3
45	47	0	0.5178058	0.775367487	0.755756578	0.749445547	0.782841991	0.0333964441	0	0	0	0	0	3
46	48	0	0.529312596	0.777408442	0.755633089	0.749445547	0.777408442	0.0279628946	0	0	0	0	0	3
47	49	0	0.540819392	0.779451195	0.756161055	0.749445547	0.779451195	0.0247850244	0	0	0	0	0	3
48	50	0	0.552326187	0.781507575	0.756844837	0.749445547	0.781507575	0.0190071719	0	0	0	0	0	3
49	51	0	0.563832983	0.78357363	0.757607191	0.749445547	0.78357363	0.0151375669	0	0	0	0	0	3
50	52	0	0.575339778	0.785694519	0.758420161	0.749445547	0.785694519	0.0123410236	0	0	0	0	0	3
51	53	0	0.586846574	0.787826524	0.759286762	0.749445547	0.787826524	0.0102417379	0	0	0	0	0	3
52	54	0	0.598353369	0.789997565	0.760203046	0.749445547	0.789997565	0.00858826931	0	0	0	0	0	3
53	55	0	0.609860165	0.792183809	0.76117325	0.749445547	0.792183809	0.00727102354	0	0	0	0	0	3
54	57	0	0.621366961	0.794455737	0.762193832	0.749445547	0.794455737	0.00805952282	0	0	0	0	0	3
55	58	0	0.632873756	0.796795485	0.763269967	0.74949822	0.796795485	0.00913565777	0	0	0	0	0	3
56	59	0	0.644380552	0.799184311	0.764399197	0.749519974	0.799184311	0.0102648871	0	0	0	0	0	3
57	60	0	0.655887347	0.801805407	0.765587502	0.749556477	0.801805407	0.0114531924	0	0	0	0	0	3
58	61	0	0.667394143	0.804183967	0.766828798	0.749556477	0.804183967	0.0126944885	0	0	0	0	0	3
59	62	0	0.678900938	0.806166807	0.768115397	0.749600768	0.806166807	0.0139810869	0	0	0	0	0	3
60	63	0	0.690407734	0.808380454	0.769451299	0.74962576	0.808380454	0.0153169889	0	0	0	0	0	3
61	64	0	0.70191453	0.810759044	0.770840691	0.74970362	0.810759044	0.0167063817	0	0	0	0	0	3
62	65	0	0.713421325	0.813199598	0.772283782	0.749734357	0.813199598	0.0181494721	0	0	0	0	0	3
63	66	0	0.724928121	0.815675601	0.773782446	0.749839408	0.815675601	0.0196481368	0	0	0	0	0	3
64	67	0	0.736434916	0.818199449	0.775336084	0.749945701	0.818199449	0.0212017741	0	0	0	0	0	3
65	68	0	0.747941712	0.820733548	0.776944898	0.750160496	0.820733548	0.0228105888	0	0	0	0	0	3
66	69	0	0.759448507	0.823334518	0.778607944	0.750341282	0.823334518	0.0244736347	0	0	0	0	0	3
67	70	0	0.770955303	0.825935439	0.780325993	0.750605805	0.825935439	0.0261916838	0	0	0	0	0	3
68	71	0	0.782462098	0.828593791	0.782098448	0.750858439	0.828593791	0.027964138	0	0	0	0	0	3
69	72	0	0.793968894	0.831264756	0.783925864	0.751323043	0.831264756	0.0297915543	0	0	0	0	0	3
70	73	0	0.80547569	0.833992162	0.785804707	0.751825878	0.833992162	0.0316703979	0	0	0	0	0	3
71	74	0	0.816982485	0.836743678	0.787734658	0.752354716	0.836743678	0.0336003479	0	0	0	0	0	3
72	75	0	0.828489281	0.839540514	0.789716153	0.752929366	0.839540514	0.0355818433	0	0	0	0	0	3
73	76	0	0.839996076	0.842339936	0.791748211	0.753540162	0.842339936	0.0376139017	0	0	0	0	0	3
74	77	0	0.851502872	0.845191678	0.7938312	0.754513783	0.845191678	0.0396846496	0	0	0	0	0	3
75	79	0	0.863009667	0.848047675	0.795956971	0.755514804	0.848047675	0.0417676619	0	0	0	0	0	3
76	80	0	0.874516463	0.850922673	0.798125331	0.756512154	0.850922673	0.0438656333	0	0	0	0	0	3
77	81	0	0.886023259	0.853806147	0.800336558	0.757533532	0.853806147	0.0459805712	0	0	0	0	0	3
78	82	0	0.897530054	0.856718948	0.802590772	0.758490495	0.856718948	0.0481166564	0	0	0	0	0	3
79	83	0	0.90903685	0.859624097	0.804889263	0.759906965	0.859624097	0.0502642349	0	0	0	0	0	3
80	84	0	0.920543645	0.862565809	0.807222419	0.761260534	0.862565809	0.0524180525	0	0	0	0	0	3
81	85	0	0.932050441	0.865483421	0.809591121	0.762721917	0.865483421	0.0545783978	0	0	0	0	0	3
82	86	0	0.943557236	0.868417893	0.811993302	0.764154456	0.868417893	0.0567461757	0	0	0	0	0	3
83	87	0	0.955064032	0.871341185	0.814429364	0.765626849	0.871341185	0.0589227447	0	0	0	0	0	3
84	88	0	0.966570828	0.874263725	0.816898384	0.767690606	0.874263725	0.0612652954	0	0	0	0	0	3
85	89	0	0.978077623	0.877191201	0.819387034	0.769775328	0.877191201	0.0637539453	0	0	0	0	0	3
86	90	0	0.989584419	0.8801471	0.821895483	0.771727078	0.8801471	0.0662623946	0	0	0	0	0	3
87	91	0	1.00109121	0.883088409	0.824426423	0.773657687	0.883088409	0.068793334	0.00400928585	0	5.8	0	0	3
88	92	0	1.01259801	0.886028577	0.826980307	0.775367487	0.886028577	0.0713472179	0.00409749088	0	5.7	0	0	3
89	93	0	1.02410481	0.888936494	0.82956142	0.777408442	0.888936494	0.0739283317	0.00414110965	0	5.6	0	0	3
90	95	0	1.0356116	0.891863648	0.832162675	0.779451195	0.891863648	0.0760016204	0.00418492077	0	5.5	0	0	3
91	96	0	1.0471184	0.894750172	0.834783106	0.781507575	0.894750172	0.0779382691	0.00422847527	0	5.4	0	0	3
92	97	0	1.05862519	0.897654545	0.83742281	0.78357363	0.897654545	0.0798156194	0.0042720342	0	5.3	0	0	3
93	98	0	1.07013199	0.900516719	0.840080608	0.785694519	0.900516719	0.0816604471	0.00431538436	0	5.2	0	0	3
94	99	0	1.08163878	0.903402544	0.84275579	0.787826524	0.903402544	0.0834690284	0.00435871658	0	5.2	0	0	3
95	100	0	1.09314558	0.90624387	0.845447093	0.789997565	0.90624387	0.0852440472	0.00440187072	0	5.1	0	0	3
96	101	0	1.10465237	0.909096794	0.848153894	0.792183809	0.909096794	0.0869806438	0.0044449448	0	5.1	0	0	3
97	102	0	1.11615917	0.911909511	0.850874933	0.794455737	0.911909511	0.0886811003	0.00448784221	0	5	0	0	3
98	103	0	1.12766597	0.914736317	0.853608582	0.796795485	0.914736317	0.0903386149	0.00453050591	0	5	0	0	3
99	104	0	1.13917276	0.917527149	0.856352484	0.799184311	0.917527149	0.091953287	0.00457298169	0	4.9	0	0	3
100	105	0	1.15067956	0.920320512	0.859105579	0.801805407	0.920320512	0.0935180772	0.00461528471	0	4.9	0	0	3
101	107	0	1.16218635	0.923077284	0.861861758	0.804183967	0.923077284	0.0950329601	0.00465745182	0	4.9	0	0	3
102	108	0	1.17369315	0.925837017	0.8646266	0.806166807	0.925837017	0.0965112037	0.00469942753	0	4.8	0	0	3
103	109	0	1.18519994	0.928574874	0.867408602	0.808380454	0.928574874	0.0979573032	0.0047412429	0	4.8	0	0	3
104	110	0	1.19670674	0.931309561	0.870202445	0.810759044	0.931309561	0.0993617538	0.00478282733	0	4.8	0	0	3
105	111	0	1.20821353	0.934003745	0.873003461	0.813199598	0.934003745	0.100719679	0.00482423035	0	4.7	0	0	3
106	112	0	1.21972033	0.936698989	0.875810265	0.815675601	0.936698989	0.102027819	0.00486536493	0	4.7	0	0	3
107	113	0	1.23122713	0.93936925	0.878621485	0.818199449	0.93936925	0.103285401	0.00490623201	0	4.7	0	0	3
108	114	0	1.24273392	0.942055915	0.881436404	0.820733548	0.942055915	0.104491506	0.00494673822	0	4.7	0	0	3
109	115	0	1.25424072	0.944715981	0.884254187	0.823334518	0.944715981	0.105646243	0.00498694289	0	4.7	0	0	3
110	116	0	1.26574751	0.94738062	0.887073417	0.825935439	0.94738062	0.106747423	0.00502678209	0	4.7	0	0	3
111	117	0	1.27725431	0.950011342	0.889893323	0.828593791	0.950011342	0.107794876	0.00506627397	0	4.6	0	0	3
112	118	0	1.2887611	0.952644964	0.892712668	0.831264756	0.952644964	0.108786804	0.00510520931	0	4.6	0	0	3
113	119	0	1.3002679	0.955268111	0.895530926	0.833992162	0.955268111	0.109726219	0.00514359615	0	4.6	0	0	3
114	120	0	1.31177469	0.957886982	0.898346718	0.836743678	0.957886982	0.11061206	0.00518146177	0	4.6	0	0	3
115	121	0	1.32328149	0.960474976	0.901158793	0.839540514	0.960474976	0.11144264	0.00521877986	0	4.6	0	0	3
116	122	0	1.33478829	0.963073626	0.903966363	0.842339936	0.963073626	0.112218152	0.00525558069	0	4.6	0	0	3
117	123	0	1.34629508	0.965636798	0.906768565	0.845191678	0.965636798	0.112937364	0.00529151768	0	4.6	0	0	3
118	125	0	1.35780188	0.968191175	0.909564008	0.848047675	0.968191175	0.113607037	0.00532663941	0	4.6	0	0	3
119	126	0	1.36930867	0.970712992	0.912351856	0.850922673	0.970712992	0.114226525	0.00536099521	0	4.6	0	0	3
120	127	0	1.38081547	0.973236242	0.91513171	0.853806147	0.973236242	0.114795151	0.00539463418	0	4.6	0	0	3
121	128	0	1.39232226	0.975715636	0.91790238	0.856718948	0.975715636	0.115311608	0.00542763771	0	4.7	0	0	3
122	129	0	1.40382906	0.978217196	0.920663704	0.859624097	0.978217196	0.115774441	0.0054596854	0	4.7	0	0	3
123	130	0	1.41533585	0.980657628	0.923414466	0.862565809	0.980657628	0.116192047	0.00549085839	0	4.7	0	0	3
124	131	0	1.42684265	0.983117409	0.926154275	0.865483421	0.983117409	0.116563154	0.00552115586	0	4.7	0	0	3
125	132	0	1.43834945	0.985530597	0.92888262	0.868417893	0.985530597	0.116889318	0.00555063292	0	4.7	0	0	3
126	133	0	1.44985624	0.987929551	0.931598794	0.871341185	0.987929551	0.116588366	0.00557931108	0	4.7	0	0	3
127	134	0	1.46136304	0.990287323	0.934302115	0.874263725	0.990287323	0.116023598	0.00560677584	0	4.8	0	0	3
128	136	0	1.47286983	0.992648106	0.936992669	0.877191201	0.992648106	0.115456905	0.00563310285	0	4.8	0	0	3
129	137	0	1.48437663	0.994954896	0.939669117	0.8801471	0.994954896	0.114807796	0.00565842979	0	4.9	0	0	3
130	138	0	1.49588342	0.997272117	0.942331049	0.883088409	0.997272117	0.114183708	0.00568284847	0	4.9	0	0	3
131	139	0	1.50739022	0.99954543	0.9449778	0.886028577	0.99954543	0.113516853	0.00570654142	0	5	0	0	3
132	140	0	1.51889701	1.0017896	0.947608732	0.888936494	1.0017896	0.11285311	0.00572931683	0	5	0	0	3
133	141	0	1.53040381	1.00398675	0.950223511	0.891863648	1.00398675	0.112123105	0.0057512027	0	5.1	0	0	3
134	142	0	1.54191061	1.00619935	0.952822049	0.894750172	1.00619935	0.111449176	0.00577225697	0	5.1	0	0	3
135	143	0	1.5534174	1.00834858	0.955403831	0.897654545	1.00834858	0.11069403	0.00579248595	0	5.2	0	0	3
136	144	0	1.5649242	1.0104965	0.957968421	0.900516719	1.0104965	0.109979783	0.00581190582	0	5.2	0	0	3
137	146	0	1.57643099	1.01260497	0.960515881	0.903402544	1.01260497	0.109202421	0.00583053477	0	5.3	0	0	3
138	147	0	1.58793779	1.01470042	0.963045378	0.90624387	1.01470042	0.10845655	0.00584838871	0	5.3	0	0	3
139	148	0	1.59944458	1.01675524	0.965557	0.909096794	1.01675524	0.107658441	0.00586548013	0	5.4	0	0	3
140	149	0	1.61095138	1.01880837	0.968050445	0.911909511	1.01880837	0.106898859	0.00588180275	0	5.5	0	0	3
141	150	0	1.62245817	1.02079549	0.970525127	0.914736317	1.02079549	0.106059176	0.00589732493	0	5.5	0	0	3
142	151	0	1.63396497	1.02278632	0.972980809	0.917527149	1.02278632	0.105259173	0.00591206557	0	5.6	0	0	3
143	152	0	1.64547177	1.02474491	0.975417576	0.920320512	1.02474491	0.104424394	0.00592592485	0	5.6	0	0	3
144	154	0	1.65697856	1.02668137	0.977834868	0.923077284	1.02668137	0.103604086	0.00593906515	0	5.7	0	0	3
145	155	0	1.66848536	1.02857395	0.98023252	0.925837017	1.02857395	0.102736931	0.00595170565	0	5.7	0	0	3
146	156	0	1.67999215	1.03045461	0.982610192	0.928574874	1.03045461	0.101879734	0.00596374835	0	5.8	0	0	3
147	157	0	1.69149895	1.03228198	0.984967172	0.931309561	1.03228198	0.100972414	0.00597511401	0	5.9	0	0	3
148	159	0	1.70300574	1.03408896	0.987303067	0.934003745	1.03408896	0.100085212	0.00598579543	0	5.9	0	0	3
149	160	0	1.71451254	1.0358637	0.989618066	0.936698989	1.0358637	0.0991647114	0.00599579297	0	6	0	0	3
150	161	0	1.72601933	1.0376174	0.991911666	0.93936925	1.0376174	0.0982481457	0.00600510639	0	6.1	0	0	3
151	162	0	1.73752613	1.03933191	0.994183545	0.942055915	1.03933191	0.0972759934	0.00601374458	0	6.1	0	0	3
152	163	0	1.74903293	1.04103445	0.996433057	0.944715981	1.04103445	0.096318467	0.00602170233	0	6.2	0	0	3
153	164	0	1.76053972	1.04269116	0.998659765	0.94738062	1.04269116	0.0953105373	0.00602898974	0	6.3	0	0	3
154	166	0	1.77204652	1.04432904	1.00086314	0.950011342	1.04432904	0.0943176955	0.00603560269	0	6.3	0	0	3
155	167	0	1.78355331	1.04593023	1.00304311	0.952644964	1.04593023	0.0932852671	0.00604154918	0	6.4	0	0	3
156	168	0	1.79506011	1.04751033	1.00519914	0.955268111	1.04751033	0.0922422172	0.00604682448	0	6.5	0	0	3
157	169	0	1.8065669	1.04906458	1.00733088	0.957886982	1.04906458	0.0911775977	0.00605143595	0	6.6	0	0	3
158	170	0	1.8180737	1.05059806	1.00943795	0.960474976	1.05059806	0.0901230841	0.0060553837	0	6.7	0	0	3
159	171	0	1.82958049	1.05208259	1.01151994	0.963073626	1.05208259	0.0890089644	0.00605867392	0	6.8	0	0	3
160	172	0	1.84108729	1.05356102	1.01357648	0.965636798	1.05356102	0.0879242225	0.00606130963	0	6.8	0	0	3
161	174	0	1.85259409	1.05500509	1.01560757	0.968191175	1.05500509	0.0868139102	0.00606330169	0	6.9	0	0	3
162	175	0	1.86410088	1.05642804	1.01761296	0.970712992	1.05642804	0.0857150508	0.00606465981	0	7	0	0	3
163	176	0	1.87560768	1.05781898	1.01959264	0.973236242	1.05781898	0.0845827429	0.00606539304	0	7.1	0	0	3
164	177	0	1.88711447	1.05920064	1.02154637	0.975715636	1.05920064	0.0834850083	0.00606551068	0	7.2	0	0	3
165	178	0	1.89862127	1.06052596	1.02347388	0.978217196	1.06052596	0.0823087655	0.00606501767	0	7.3	0	0	3
166	179	0	1.91012806	1.061843	1.02537447	0.980657628	1.061843	0.0811853752	0.00606392018	0	7.4	0	0	3
167	180	0	1.92163486	1.06312587	1.02724875	0.983117409	1.06312587	0.0800084629	0.00606223709	0	7.5	0	0	3
168	182	0	1.93314166	1.06438764	1.0290958	0.985530597	1.06438764	0.0788570437	0.00605997605	0	7.6	0	0	3
169	183	0	1.94464845	1.06562248	1.03091607	0.987929551	1.06562248	0.0776929289	0.00605715242	0	7.7	0	0	3
170	184	0	1.95615525	1.06684169	1.03270952	0.990287323	1.06684169	0.0765543669	0.00605378118	0	7.9	0	0	3
171	185	0	1.96766204	1.06801712	1.03447611	0.992648106	1.06801712	0.0753690111	0.00604986446	0	8	0	0	3
172	186	0	1.97916884	1.06917416	1.03621534	0.994954896	1.06917416	0.0742192605	0.00604540502	0	8.1	0	0	3
173	187	0	1.99067563	1.07029953	1.03792772	0.997272117	1.07029953	0.0730274165	0.00604041582	0	8.2	0	0	3
174	189	0	2.00218243	1.07140063	1.03961246	0.99954543	1.07140063	0.0718551999	0.00603490715	0	8.3	0	0	3
175	190	0	2.01368922	1.07247772	1.04127001	1.0017896	1.07247772	0.0706881153	0.00602889953	0	8.5	0	0	3
176	191	0	2.02519602	1.07353286	1.04290054	1.00398675	1.07353286	0.0695461086	0.0060223959	0	8.6	0	0	3
177	192	0	2.03670282	1.07454502	1.04450413	1.00619935	1.07454502	0.0683456677	0.00601541201	0	8.8	0	0	3
178	193	0	2.04820961	1.07554509	1.04608017	1.00834858	1.07554509	0.0671965106	0.00600795381	0	8.9	0	0	3
179	195	0	2.05971641	1.07651352	1.04762938	1.0104965	1.07651352	0.0660170144	0.00600004022	0	9	0	0	3
180	196	0	2.0712232	1.07746809	1.04915146	1.01260497	1.07746809	0.0648631216	0.00599167384	0	9.2	0	0	3
181	197	0	2.08273	1.07838593	1.05064648	1.01470042	1.07838593	0.0636855066	0.00598287158	0	9.3	0	0	3
182	198	0	2.09423679	1.07929054	1.05211444	1.01675524	1.07929054	0.0625353063	0.00597363938	0	9.5	0	0	3
183	199	0	2.10574359	1.08015236	1.05355528	1.01880837	1.08015236	0.0613439874	0.00596398986	0	9.7	0	0	3
184	200	0	2.11725038	1.08100653	1.05496888	1.02079549	1.08100653	0.0602110336	0.0059539292	0	9.8	0	0	3
185	201	0	2.12875718	1.08181965	1.05635579	1.02278632	1.08181965	0.0590333318	0.00594346845	0	10	0	0	3
186	203	0	2.14026398	1.08261137	1.05771545	1.02474491	1.08261137	0.0578664661	0.00593261246	0	10.2	0	0	3
187	204	0	2.15177077	1.08337812	1.05904802	1.02668137	1.08337812	0.0566967478	0.00592137659	0	10.4	0	0	3
188	205	0	2.16327757	1.084129	1.06035365	1.02857395	1.084129	0.0555550537	0.00590976652	0	10.6	0	0	3
189	206	0	2.17478436	1.08484339	1.0616325	1.03045461	1.08484339	0.0543887845	0.00589778896	0	10.8	0	0	3
190	207	0	2.18629116	1.08554595	1.06288458	1.03228198	1.08554595	0.0532639728	0.00588545209	0	11	0	0	3
191	208	0	2.19779795	1.08620932	1.0641102	1.03408896	1.08620932	0.0521203674	0.00587276666	0	11.2	0	0	3
192	210	0	2.20930475	1.08685022	1.06530932	1.0358637	1.08685022	0.0509865158	0.0058597359	0	11.4	0	0	3
193	211	0	2.22081154	1.0874629	1.06648203	1.0376174	1.0874629	0.0498455052	0.00584636867	0	11.7	0	0	3
194	212	0	2.23231834	1.08805899	1.06762843	1.03933191	1.08805899	0.0487270861	0.00583266515	0	11.9	0	0	3
195	213	0	2.24382514	1.08862263	1.06874867	1.04103445	1.08862263	0.0475881773	0.00581863306	0	12.2	0	0	3
196	214	0	2.25533193	1.08916851	1.06984263	1.04269116	1.08916851	0.0464773538	0.0058042753	0	12.4	0	0	3
197	215	0	2.26683873	1.08968223	1.0709106	1.04432904	1.08968223	0.0453531906	0.00578960122	0	12.7	0	0	3
198	217	0	2.27834552	1.09017481	1.07195255	1.04593023	1.09017481	0.0442445828	0.00577461288	0	13	0	0	3
199	218	0	2.28985232	1.09064973	1.07296891	1.04751033	1.09064973	0.0431394007	0.00575931677	0	13.3	0	0	3
200	219	0	2.30135911	1.09109489	1.07395946	1.04906458	1.09109489	0.0420303089	0.0057437143	0	13.6	0	0	3
201	221	0	2.31286591	1.09151406	1.07492423	1.05059806	1.09151406	0.040916	0.00572781481	0	13.9	0	0	3
202	222	0	2.3243727	1.09191606	1.07586327	1.05208259	1.09191606	0.0398334728	0.00571161879	0	14.3	0	0	3
203	223	0	2.3358795	1.09228407	1.07677694	1.05356102	1.09228407	0.0387230535	0.0056951343	0	14.7	0	0	3
204	224	0	2.3473863	1.09263662	1.07766502	1.05500509	1.09263662	0.0376315377	0.00567836703	0	15	0	0	3
205	225	0	2.35889309	1.09296365	1.07852772	1.05642804	1.09296365	0.0365356093	0.00566132595	0	15.4	0	0	3
206	227	0	2.37039989	1.09326575	1.07936494	1.05781898	1.09326575	0.0354467621	0.00564401133	0	15.9	0	0	3
207	228	0	2.38190668	1.09353646	1.0801767	1.05920064	1.09353646	0.0343358166	0.0056264331	0	16.3	0	0	3
208	229	0	2.39341348	1.09379184	1.08096286	1.06052596	1.09379184	0.0332658804	0.00560858853	0	16.8	0	0	3
209	230	0	2.40492027	1.0940173	1.08172403	1.061843	1.0940173	0.0321742989	0.00559049182	0	17.3	0	0	3
210	231	0	2.41642707	1.09422129	1.0824599	1.06312587	1.09422129	0.0310954137	0.00557213917	0	17.9	0	0	3
211	232	0	2.42793386	1.09440616	1.08317082	1.06438764	1.09440616	0.0300185154	0.00555354343	0	18.5	0	0	3
212	233	0	2.43944066	1.09457441	1.08385688	1.06562248	1.09457441	0.0289519268	0.00553470985	0	19.1	0	0	3
213	235	0	2.45094746	1.0947127	1.08451802	1.06684169	1.0947127	0.0278710092	0.00551564676	0	19.7	0	0	3
214	236	0	2.46245425	1.09483121	1.08515414	1.06801712	1.09483121	0.0268140888	0.00549635421	0	20.4	0	0	3
215	237	0	2.47396105	1.09492794	1.08576575	1.06917416	1.09492794	0.0257537838	0.00547684513	0	21.2	0	0	3
216	238	0	2.48546784	1.09500625	1.08635285	1.07029953	1.09500625	0.0247067148	0.00545711783	0	22	0	0	3
217	239	0	2.49697464	1.09505726	1.08691552	1.07140063	1.09505726	0.0236566334	0.00543718119	0	22.9	0	0	3
218	240	0	2.50848143	1.09509805	1.0874541	1.07247772	1.09509805	0.022620333	0.00541704434	0	23.9	0	0	3
219	241	0	2.51998823	1.0951	1.08796824	1.07353286	1.0951	0.0215671377	0.00539671368	0	25	0	0	3
220	243	0	2.53149502	1.0950968	1.08845833	1.07454502	1.0951	0.0205549833	0.00537618967	0	26.1	0	0	3
221	244	0	2.54300182	1.09506232	1.08892464	1.07554509	1.0951	0.0195549127	0.00535549081	0	27.3	0	0	3
222	245	0	2.55450862	1.09501253	1.08936708	1.07651352	1.0951	0.0185864825	0.00533462128	0	28.7	0	0	3
223	246	0	2.56601541	1.09493939	1.08978585	1.07746809	1.0951	0.0176319124	0.00531359356	0	30.1	0	0	3
224	247	0	2.57752221	1.09485171	1.09018093	1.07838593	1.0951	0.0167140726	0.00529241395	0	31.6	0	0	3
225	248	0	2.589029	1.09473573	1.09055252	1.07929054	1.0951	0.0158094575	0.0052710946	0	33.3	0	0	3
226	249	0	2.6005358	1.09460846	1.09090065	1.08015236	1.0951	0.0149476414	0.00524963887	0	35.1	0	0	3
227	251	0	2.61204259	1.09445814	1.09122578	1.08100653	1.0951	0.0140934728	0.00522806385	0	37	0	0	3
228	252	0	2.62354939	1.0942901	1.09152768	1.08181965	1.0951	0.0132803454	0.00520637127	0	39.2	0	0	3
229	253	0	2.63505618	1.09409634	1.0918067	1.08261137	1.0951	0.0124886272	0.00518457044	0	41.5	0	0	3
230	254	0	2.64656298	1.09389211	1.09206308	1.08337812	1.0951	0.0117218816	0.00516266826	0	44	0	0	3
231	255	0	2.65806978	1.09366124	1.09229678	1.084129	1.0951	0.010970998	0.00514067599	0	46.8	0	0	3
232	256	0	2.66957657	1.09342212	1.09250799	1.08484339	1.0951	0.0102566066	0.00511859796	0	49.9	0	0	3
233	258	0	2.68108337	1.09315285	1.09269684	1.08554595	1.0951	0.00955405089	0.00509644688	0	53.3	0	0	3
234	259	0	2.69259016	1.09287743	1.09286347	1.08620932	1.0951	0.00889067476	0.00507422841	0	57	0	0	3
235	260	0	2.70409696	1.09257874	1.09300823	1.08685022	1.0951	0.00824978331	0.00505195044	0	61.2	0	0	3
236	261	0	2.71560375	1.09227076	1.09313142	1.0874629	1.0951	0.00763709788	0.00502961841	0	65.8	0	0	3
237	262	0	2.72711055	1.09193069	1.09323296	1.08805899	1.0951	0.00704100506	0.00500724124	0	71.1	0	0	3
238	263	0	2.73861734	1.09158935	1.0933132	1.08862263	1.0951	0.00647737391	0.0049848222	0	76.9	0	0	3
239	265	0	2.75012414	1.09122176	1.09337227	1.08916851	1.0951	0.00593148821	0.00496237117	0	83.6	0	0	3
240	266	0	2.76163094	1.09084324	1.09341033	1.08968223	1.0951	0.00541777122	0.00493989246	0	91.1	0	0	3
241	267	0	2.77313773	1.0904476	1.09342773	1.09017481	1.0951	0.00492518515	0.00491739376	0	99.8	0	0	3
242	268	0	2.78464453	1.09003659	1.09342458	1.09003659	1.0951	0.00506340466	0.00489487955	0	96.6	0	0	3
243	269	0	2.79615132	1.08960796	1.09340091	1.08960796	1.0951	0.00549204209	0.00487235508	0	88.7	0	0	3
244	270	0	2.80765812	1.08916868	1.09335713	1.08916868	1.0951	0.0059313229	0.00484982452	0	81.7	0	0	3
245	271	0	2.81916491	1.0887001	1.09329318	1.0887001	1.0951	0.00639989917	0.00482729729	0	75.4	0	0	3
246	273	0	2.83067171	1.08822892	1.09320938	1.08822892	1.0951	0.00687107445	0.00480477448	0	69.9	0	0	3
247	274	0	2.8421785	1.08773625	1.09310602	1.08773625	1.0951	0.00736374849	0.00478226243	0	64.9	0	0	3
248	275	0	2.8536853	1.08723026	1.09298315	1.08723026	1.0951	0.00786973813	0.00475976489	0	60.4	0	0	3
249	276	0	2.8651921	1.08670869	1.09284099	1.08670869	1.0951	0.00839131193	0.00473728752	0	56.4	0	0	3
250	277	0	2.87669889	1.08617876	1.09267992	1.08617876	1.0951	0.00892124133	0.00471483165	0	52.8	0	0	3
251	278	0	2.88820569	1.08561927	1.09249998	1.08561927	1.0951	0.00948073312	0.0046924072	0	49.4	0	0	3
252	279	0	2.89971248	1.08505424	1.0923014	1.08505424	1.0951	0.0100457615	0.00467001509	0	46.4	0	0	3
253	281	0	2.91121928	1.08446732	1.09208436	1.08446732	1.0951	0.0106326781	0.00464766093	0	43.7	0	0	3
254	282	0	2.92272607	1.08387737	1.09184927	1.08387737	1.0951	0.0102569104	0.00462534781	0	45	0	0	3
255	283	0	2.93423287	1.08325879	1.09159592	1.08325879	1.0951	0.00957084749	0.00460307982	0	48	0	0	3
256	284	0	2.94573966	1.08263976	1.09132468	1.08263976	1.0951	0.00890970616	0.00458085893	0	51.4	0	0	3
257	285	0	2.95724646	1.08199067	1.09103554	1.08199067	1.0951	0.00827358078	0.00455869204	0	55	0	0	3
258	287	0	2.96875326	1.08134444	1.09072902	1.08134444	1.0951	0.00766197117	0.00453658141	0	59.2	0	0	3
259	288	0	2.98026005	1.08067253	1.09040504	1.08067253	1.0951	0.00707487817	0.0045145316	0	63.8	0	0	3
260	289	0	2.99176685	1.07999445	1.09006386	1.07999445	1.0951	0.00651220249	0.00449254576	0	68.9	0	0	3
261	290	0	3.00327364	1.07929636	1.08970566	1.07929636	1.0951	0.00597362471	0.00447062692	0	74.8	0	0	3
262	291	0	3.01478044	1.07859213	1.08933052	1.07859213	1.0951	0.00545948199	0.00444877771	0	81.4	0	0	3
263	292	0	3.02628723	1.07786576	1.08893883	1.07786576	1.0950968	0.00496939257	0.00442700425	0	89	0	0	3
264	293	0	3.03779403	1.07713469	1.0885306	1.07713469	1.09506232	0.0048971208	0.00440530732	0	89.9	0	0	3
265	294	0	3.04930082	1.07638547	1.08810613	1.07638547	1.09501253	0.00532159462	0.00438371254	0	82.3	0	0	3
266	296	0	3.06080762	1.07562731	1.08766556	1.07562731	1.09493939	0.00576216792	0.0043624861	0	75.7	0	0	3
267	297	0	3.07231442	1.07484757	1.08720893	1.07484757	1.09485171	0.00621880018	0.00434162547	0	69.8	0	0	3
268	298	0	3.08382121	1.07406404	1.08673648	1.07406404	1.09473573	0.00669124729	0.00432112521	0	64.5	0	0	3
269	299	0	3.09532801	1.07325761	1.08624834	1.07325761	1.09460846	0.00717938634	0.00430098316	0	59.9	0	0	3
270	300	0	3.1068348	1.07245002	1.08574474	1.07245002	1.09445814	0.00768298717	0.00428119363	0	55.7	0	0	3
271	301	0	3.1183416	1.07162153	1.08522572	1.07162153	1.0942901	0.00820200099	0.00426175429	0	51.9	0	0	3
272	302	0	3.12984839	1.07078807	1.08469159	1.07078807	1.09409634	0.00873613804	0.00424266025	0	48.5	0	0	3
273	304	0	3.14135519	1.06993471	1.08414246	1.06993471	1.09389211	0.00928526613	0.00422390917	0	45.4	0	0	3
274	305	0	3.15286199	1.06908025	1.08357855	1.06908025	1.09366124	0.00984917196	0.00420549571	0	42.6	0	0	3
275	306	0	3.16436878	1.06819445	1.08299976	1.06819445	1.09342212	0.0104279627	0.00418741949	0	40.1	0	0	3
276	307	0	3.17587558	1.06731421	1.0824064	1.06731421	1.09315285	0.0110213242	0.00416967428	0	37.8	0	0	3
277	308	0	3.18738237	1.06641509	1.08179873	1.06641509	1.09287743	0.0116290004	0.00415225782	0	35.7	0	0	3
278	309	0	3.19888917	1.06550514	1.08117663	1.06550514	1.09257874	0.012251098	0.00413516666	0	33.7	0	0	3
279	310	0	3.21039596	1.06458192	1.08054034	1.06458192	1.09227076	0.0128873893	0.00411839778	0	31.9	0	0	3
280	311	0	3.22190276	1.06365807	1.07989005	1.06365807	1.09193069	0.0135376779	0.00410194628	0	30.3	0	0	3
281	313	0	3.23340955	1.06270983	1.07922594	1.06270983	1.09158935	0.0142017882	0.00408581101	0	28.7	0	0	3
282	314	0	3.24491635	1.06176052	1.07854801	1.06176052	1.09122176	0.0148797162	0.00406998729	0	27.3	0	0	3
283	315	0	3.25642315	1.060796	1.07785651	1.060796	1.09084324	0.0155712107	0.00405447266	0	26	0	0	3
284	316	0	3.26792994	1.05982228	1.07715149	1.05982228	1.0904476	0.0162762327	0.00403926382	0	24.8	0	0	3
285	317	0	3.27943674	1.05883357	1.07643299	1.05883357	1.09003659	0.016991592	0.00402435841	0	23.6	0	0	3
286	318	0	3.29094353	1.05784712	1.07570141	1.05784712	1.08960796	0.0176994944	0.00400975152	0	22.6	0	0	3
287	319	0	3.30245033	1.05683678	1.07495661	1.05683678	1.08916868	0.0184005164	0.00400928585	0	21.7	0	0	3
288	320	0	3.31395712	1.0558261	1.07419883	1.0558261	1.0887001	0.0190943487	0.00400928585	0	20.9	0	0	3
289	322	0	3.32546392	1.05479763	1.07342832	1.05479763	1.08822892	0.0197810609	0.00400928585	0	20.2	0	0	3
290	323	0	3.33697071	1.05376699	1.07264509	1.05376699	1.08773625	0.0204609271	0.00400928585	0	19.5	0	0	3
291	324	0	3.34847751	1.05271838	1.07184923	1.05271838	1.08723026	0.021133916	0.00400928585	0	18.9	0	0	3
292	325	0	3.35998431	1.05167395	1.07104113	1.05167395	1.08670869	0.0217998556	0.00400928585	0	18.3	0	0	3
293	326	0	3.3714911	1.0506028	1.07022054	1.0506028	1.08617876	0.0224593762	0.00400928585	0	17.8	0	0	3
294	327	0	3.3829979	1.04953602	1.06938775	1.04953602	1.08561927	0.0231122294	0.00400928585	0	17.3	0	0	3
295	328	0	3.39450469	1.04845568	1.06854313	1.04845568	1.08505424	0.0237582744	0.00400928585	0	16.8	0	0	3
296	330	0	3.40601149	1.04736725	1.06768661	1.04736725	1.08446732	0.0243977517	0.00400928585	0	16.4	0	0	3
297	331	0	3.41751828	1.04626744	1.06681843	1.04626744	1.08387737	0.0250308418	0.00400928585	0	16	0	0	3
298	332	0	3.42902508	1.0451662	1.06593863	1.0451662	1.08325879	0.0256572918	0.00400928585	0	15.6	0	0	3
299	333	0	3.44053187	1.04404881	1.06504749	1.04404881	1.08263976	0.0262771857	0.00400928585	0	15.2	0	0	3
300	334	0	3.45203867	1.04293127	1.06414503	1.04293127	1.08199067	0.0268905144	0.00400928585	0	14.9	0	0	3
301	336	0	3.46354547	1.04180034	1.06323161	1.04180034	1.08134444	0.0274974137	0.00400928585	0	14.5	0	0	3
302	337	0	3.47505226	1.04066492	1.06230707	1.04066492	1.08067253	0.0280979618	0.00400928585	0	14.2	0	0	3
303	338	0	3.48655906	1.03951828	1.06137175	1.03951828	1.07999445	0.0286921086	0.00400928585	0	13.9	0	0	3
304	339	0	3.49806585	1.03837555	1.06042587	1.03837555	1.07929636	0.0292797905	0.00400928585	0	13.6	0	0	3
305	340	0	3.50957265	1.03721239	1.05946941	1.03721239	1.07859213	0.0298611099	0.00400928585	0	13.4	0	0	3
306	341	0	3.52107944	1.03605397	1.05850264	1.03605397	1.07786576	0.0304361992	0.00400928585	0	13.1	0	0	3
307	342	0	3.53258624	1.03488131	1.05752572	1.03488131	1.07713469	0.0310048887	0.00400928585	0	12.9	0	0	3
308	344	0	3.54409303	1.03370432	1.05653866	1.03370432	1.07638547	0.0315674689	0.00400928585	0	12.7	0	0	3
309	345	0	3.55559983	1.03251465	1.0555416	1.03251465	1.07562731	0.0321239597	0.00400928585	0	12.4	0	0	3
310	346	0	3.56710663	1.03132667	1.05453477	1.03132667	1.07484757	0.0326741602	0.00400928585	0	12.2	0	0	3
311	347	0	3.57861342	1.03012351	1.05351831	1.03012351	1.07406404	0.0332181691	0.00400928585	0	12	0	0	3
312	348	0	3.59012022	1.0289255	1.05249243	1.0289255	1.07325761	0.033755906	0.00400928585	0	11.8	0	0	3
313	349	0	3.60162701	1.02771212	1.05145731	1.02771212	1.07245002	0.03428743	0.00400928585	0	11.6	0	0	3
314	351	0	3.61313381	1.02649752	1.05041293	1.02649752	1.07162153	0.0348127912	0.00400928585	0	11.5	0	0	3
315	352	0	3.6246406	1.02527384	1.04935958	1.02527384	1.07078807	0.0353320107	0.00400928585	0	11.3	0	0	3
316	353	0	3.6361474	1.02405149	1.04829738	1.02405149	1.06993471	0.0358450775	0.00400928585	0	11.1	0	0	3
317	354	0	3.64765419	1.02281552	1.04722649	1.02281552	1.06908025	0.0363520622	0.00400928585	0	11	0	0	3
318	355	0	3.65916099	1.02158347	1.04614702	1.02158347	1.06819445	0.0368527436	0.00400928585	0	10.8	0	0	3
319	356	0	3.67066779	1.02033585	1.04505932	1.02033585	1.06731421	0.0373470775	0.00400928585	0	10.7	0	0	3
320	357	0	3.68217458	1.01908769	1.04396327	1.01908769	1.06641509	0.0378354585	0.00400928585	0	10.5	0	0	3
321	358	0	3.69368138	1.01782915	1.04285904	1.01782915	1.06550514	0.0383175871	0.00400928585	0	10.4	0	0	3
322	359	0	3.70518817	1.01657804	1.04174706	1.01657804	1.06458192	0.0387932754	0.00400928585	0	10.3	0	0	3
323	361	0	3.71669497	1.01531378	1.04062733	1.01531378	1.06365807	0.0392627173	0.00400928585	0	10.2	0	0	3
324	362	0	3.72820176	1.01405248	1.03949993	1.01405248	1.06270983	0.0397260068	0.00400928585	0	10	0	0	3
325	363	0	3.73970856	1.01278052	1.03836517	1.01278052	1.06176052	0.040182836	0.00400928585	0	9.9	0	0	3
326	364	0	3.75121535	1.01151001	1.03722312	1.01151001	1.060796	0.0406333985	0.00400928585	0	9.8	0	0	3
327	365	0	3.76272215	1.01022651	1.03607381	1.01022651	1.05982228	0.041077683	0.00400928585	0	9.7	0	0	3
328	366	0	3.77422895	1.00895286	1.03491769	1.00895286	1.05883357	0.0415153054	0.00400928585	0	9.6	0	0	3
329	367	0	3.78573574	1.00765859	1.03375462	1.00765859	1.05784712	0.041946794	0.00400928585	0	9.5	0	0	3
330	368	0	3.79724254	1.00637545	1.03258481	1.00637545	1.05683678	0.0423718051	0.00400928585	0	9.4	0	0	3
331	369	0	3.80874933	1.00508321	1.03140859	1.00508321	1.0558261	0.0427902367	0.00400928585	0	9.3	0	0	3
332	370	0	3.82025613	1.00378784	1.0302259	1.00378784	1.05479763	0.0432024135	0.00400928585	0	9.2	0	0	3
333	372	0	3.83176292	1.00248796	1.02903705	1.00248796	1.05376699	0.0436080438	0.00400928585	0	9.1	0	0	3
334	373	0	3.84326972	1.00119353	1.0278422	1.00119353	1.05271838	0.0440070344	0.00400928585	0	9.1	0	0	3
335	374	0	3.85477651	0.999884641	1.02664143	0.999884641	1.05167395	0.0443997032	0.00400928585	0	9	0	0	3
336	375	0	3.86628331	0.998582229	1.0254348	0.998582229	1.0506028	0.0447857448	0.00400928585	0	8.9	0	0	3
337	376	0	3.87779011	0.997273548	1.02422277	0.997273548	1.04953602	0.0451649836	0.00400928585	0	8.8	0	0	3
338	377	0	3.8892969	0.995966606	1.02300528	0.995966606	1.04845568	0.0455378434	0.00400928585	0	8.8	0	0	3
339	378	0	3.9008037	0.994647682	1.02178238	0.994647682	1.04736725	0.0459042301	0.00400928585	0	8.7	0	0	3
340	379	0	3.91231049	0.993338118	1.02055444	0.993338118	1.04626744	0.046263986	0.00400928585	0	8.6	0	0	3
341	380	0	3.92381729	0.992014908	1.01932143	0.992014908	1.0451662	0.0466171988	0.00400928585	0	8.6	0	0	3
342	382	0	3.93532408	0.990700116	1.01808356	0.990700116	1.04404881	0.0469639285	0.00400928585	0	8.5	0	0	3
343	383	0	3.94683088	0.989378017	1.01684104	0.989378017	1.04293127	0.0473039807	0.00400928585	0	8.4	0	0	3
344	384	0	3.95833767	0.988174066	1.01559656	0.988174066	1.04180034	0.0476350459	0.00400928585	0	8.4	0	0	3
345	385	0	3.96984447	0.987052093	1.01435228	0.987052093	1.04066492	0.0479547895	0.00400928585	0	8.3	0	0	3
346	386	0	3.98135127	0.985939306	1.01310852	0.985939306	1.03951828	0.0482632294	0.00400928585	0	8.3	0	0	3
347	387	0	3.99285806	0.98483085	1.01186562	0.98483085	1.03837555	0.0485602413	0.00400928585	0	8.2	0	0	3
348	388	0	4.00436486	0.983736587	1.01062383	0.983736587	1.03721239	0.0488455818	0.00400928585	0	8.2	0	0	3
