Iteration	CPUTime	PhysTime	Travels	Value	AvValue	MinValue	MaxValue	Delta	Criteria	PrevAvRefValue	Progress	CriteriaType	CriteriaVarType	CriteriaPercentage
1	4	0	0.0156514745	111681.873	111681.873	111681.873	111681.873	0	0	0	0	0	0	3
2	4	0	0.031302949	105911.3	108796.586	105911.3	111681.873	2885.28631	0	0	0	0	0	3
3	5	0	0.0469544235	102423.625	106672.266	102423.625	111681.873	5009.60672	0	0	0	0	0	3
4	6	0	0.062605898	101894.651	105477.862	101894.651	111681.873	6204.01056	0	0	0	0	0	3
5	6	0	0.0782573725	101778.462	104737.982	101778.462	111681.873	6943.89057	0	0	0	0	0	3
6	7	0	0.093908847	101713.389	104233.883	101713.389	111681.873	7447.98941	0	0	0	0	0	3
7	8	0	0.109560322	101586.757	103855.722	101586.757	111681.873	7826.15033	0	0	0	0	0	3
8	8	0	0.125211796	101592.427	103572.81	101586.757	111681.873	8109.06227	0	0	0	0	0	3
9	9	0	0.140863271	101585.761	103352.027	101585.761	111681.873	8329.84555	0	0	0	0	0	3
10	10	0	0.156514745	101617.212	103178.546	101585.761	111681.873	8503.32707	0	0	0	0	0	3
11	10	0	0.17216622	101638.949	103038.582	101585.761	111681.873	8643.29041	0	0	0	0	0	3
12	11	0	0.187817694	101645.197	102922.467	101585.761	111681.873	8759.40586	0	0	0	0	0	3
13	12	0	0.203469169	101673.82	102826.417	101585.761	111681.873	8855.45565	0	0	0	0	0	3
14	12	0	0.219120643	101710.35	102746.698	101585.761	111681.873	8935.17475	0	0	0	0	0	3
15	13	0	0.234772118	101739.279	102679.537	101585.761	111681.873	9002.33604	0	0	0	0	0	3
16	14	0	0.250423592	101761.628	102622.167	101585.761	111681.873	9059.70532	0	0	0	0	0	3
17	14	0	0.266075067	101762.098	102571.575	101585.761	111681.873	9110.29763	0	0	0	0	0	3
18	15	0	0.281726541	101779.24	102527.556	101585.761	111681.873	9154.31627	0	0	0	0	0	3
19	16	0	0.297378016	101791.843	102488.835	101585.761	111681.873	9193.03804	0	0	0	0	0	3
20	16	0	0.31302949	101790.089	102453.897	101585.761	111681.873	9227.97535	0	0	0	0	0	3
21	17	0	0.328680965	101776.95	102421.662	101585.761	111681.873	9260.21093	0	0	0	0	0	3
22	17	0	0.344332439	101792.737	102393.074	101585.761	111681.873	9288.79842	0	0	0	0	0	3
23	18	0	0.359983914	101808.034	102367.638	101585.761	111681.873	9314.23495	0	0	0	0	0	3
24	19	0	0.375635388	101816.476	102344.673	101585.761	111681.873	9337.20001	0	0	0	0	0	3
25	19	0	0.391286863	101834.782	102324.277	101585.761	111681.873	9357.59565	0	0	0	0	0	3
26	20	0	0.406938337	101881.145	102307.234	101585.761	111681.873	9374.63919	0	0	0	0	0	3
27	21	0	0.422589812	101935.498	102293.466	101585.761	111681.873	9388.40715	0	0	0	0	0	3
28	22	0	0.438241286	101985.639	102282.472	101585.761	111681.873	9399.40096	0	0	0	0	0	3
29	22	0	0.453892761	102039.922	102274.108	101585.761	111681.873	9407.76476	0	0	0	0	0	3
30	23	0	0.469544235	102098.807	102268.265	101585.761	111681.873	9413.60814	0	0	0	0	0	3
31	24	0	0.48519571	102184.582	102265.565	101585.761	111681.873	9416.30757	0	0	0	0	0	3
32	25	0	0.500847184	102264.035	102265.517	101585.761	111681.873	9416.35539	0	0	0	0	0	3
33	25	0	0.516498659	102357.194	101974.121	101585.761	105911.3	4325.53915	0	0	0	0	0	3
34	26	0	0.532150133	102446.363	101865.842	101585.761	102446.363	860.601845	0	0	0	0	0	3
35	27	0	0.547801608	102531.119	101869.201	101585.761	102531.119	945.357647	0	0	0	0	0	3
36	27	0	0.563453082	102669.797	101893.424	101585.761	102669.797	1084.03572	0	0	0	0	0	3
37	28	0	0.579104557	102803.944	101925.471	101585.761	102803.944	1218.18322	0	0	0	0	0	3
38	29	0	0.594756031	102943.72	101963.918	101585.761	102943.72	1357.95944	0	0	0	0	0	3
39	30	0	0.610407506	103089.742	102010.887	101585.761	103089.742	1503.98079	0	0	0	0	0	3
40	30	0	0.62605898	103230.61	102062.08	101585.761	103230.61	1486.18533	0	0	0	0	0	3
41	31	0	0.641710455	103451.308	102120.378	101617.212	103451.308	1312.7038	0	0	0	0	0	3
42	32	0	0.657361929	103678.593	102184.796	101638.949	103678.593	1172.74047	0	0	0	0	0	3
43	32	0	0.673013404	103904.638	102255.599	101645.197	103904.638	1056.62501	0	0	0	0	0	3
44	33	0	0.688664878	104143.925	102333.684	101673.82	104143.925	960.575227	0	0	0	0	0	3
45	34	0	0.704316353	104390.348	102418.576	101710.35	104390.348	880.856127	0	0	0	0	0	3
46	35	0	0.719967827	104637.474	102510.049	101739.279	104637.474	813.694831	0	0	0	0	0	3
47	35	0	0.735619302	104897.591	102608.746	101761.628	104897.591	756.325556	0	0	0	0	0	3
48	36	0	0.751270776	105163.413	102715.052	101762.098	105163.413	849.20983	0	0	0	0	0	3
49	37	0	0.766922251	105432.015	102829.737	101776.95	105432.015	963.894731	0	0	0	0	0	3
50	38	0	0.782573725	105710.564	102952.59	101776.95	105710.564	1086.74863	0	0	0	0	0	3
51	38	0	0.7982252	105993.519	103083.893	101776.95	105993.519	1218.05099	0	0	0	0	0	3
52	39	0	0.813876674	106273.616	103224.003	101776.95	106273.616	1358.16124	0	0	0	0	0	3
53	40	0	0.829528149	106561.007	103373.505	101792.737	106561.007	1507.66301	0	0	0	0	0	3
54	40	0	0.845179623	106851.675	103531.597	101808.034	106851.675	1665.75482	0	0	0	0	0	3
55	41	0	0.860831098	107145.268	103698.385	101816.476	107145.268	1832.5434	0	0	0	0	0	3
56	42	0	0.876482572	107439.972	103874.119	101834.782	107439.972	2008.27763	0	0	0	0	0	3
57	43	0	0.892134047	107736.245	104058.54	101881.145	107736.245	2192.69837	0	0	0	0	0	3
58	43	0	0.907785521	108034.542	104250.834	101935.498	108034.542	2384.99203	0	0	0	0	0	3
59	44	0	0.923436996	108326.145	104450.542	101985.639	108326.145	2584.69973	0	0	0	0	0	3
60	45	0	0.93908847	108629.453	104658.161	102039.922	108629.453	2792.31893	0	0	0	0	0	3
61	46	0	0.954739945	108934.324	104873.611	102098.807	108934.324	3007.76899	0	0	0	0	0	3
62	46	0	0.970391419	109238.952	105096.74	102184.582	109238.952	3230.89854	0	0	0	0	0	3
63	47	0	0.986042894	109546.86	105326.812	102264.035	109546.86	3460.9697	0	0	0	0	0	3
64	48	0	1.00169437	109860.969	105564.216	102357.194	109860.969	3698.37389	248.256234	0	6.7	0	0	3
65	49	0	1.01734584	110170.894	105808.394	102446.363	110170.894	3942.55199	257.553981	0	6.5	0	0	3
66	49	0	1.03299732	110487.783	106059.688	102531.119	110487.783	4190.48721	262.307328	0	6.2	0	0	3
67	50	0	1.04864879	110804.475	106318.231	102669.797	110804.475	4424.8063	267.058696	0	6	0	0	3
68	51	0	1.06430027	111125.985	106582.486	102803.944	111125.985	4657.01587	271.845702	0	5.8	0	0	3
69	52	0	1.07995174	111451.016	106852.707	102943.72	111451.016	4888.78902	276.668093	0	5.6	0	0	3
70	52	0	1.09560322	111780.963	107128.871	103089.742	111780.963	5117.98456	281.532752	0	5.5	0	0	3
71	53	0	1.11125469	112109.427	107410.736	103230.61	112109.427	5348.65649	286.415213	0	5.3	0	0	3
72	54	0	1.12690616	112440.227	107698.537	103451.308	112440.227	5578.15869	291.317561	0	5.2	0	0	3
73	55	0	1.14255764	112772.709	107989.831	103678.593	112772.709	5805.03432	296.133931	0	5.1	0	0	3
74	55	0	1.15820911	113108.02	108284.5	103904.638	113108.02	6028.90115	300.927752	0	4.9	0	0	3
75	56	0	1.17386059	113439.67	108582.47	104143.925	113439.67	6248.78566	305.737429	0	4.8	0	0	3
76	57	0	1.18951206	113773.634	108883.399	104390.348	113773.634	6464.82258	310.508846	0	4.8	0	0	3
77	58	0	1.20516354	114106.987	109187.044	104637.474	114106.987	6676.99494	315.231176	0	4.7	0	0	3
78	59	0	1.22081501	114439.149	109493.346	104897.591	114439.149	6884.60003	319.928671	0	4.6	0	0	3
79	59	0	1.23646649	114768.147	109801.801	105163.413	114768.147	7086.74914	324.613131	0	4.5	0	0	3
80	60	0	1.25211796	115100.274	110112.328	105432.015	115100.274	7282.59114	329.33389	0	4.5	0	0	3
81	61	0	1.26776943	115423.468	110424.561	105710.564	115423.468	7471.97015	334.043399	0	4.4	0	0	3
82	62	0	1.28342091	115753.607	110738.406	105993.519	115753.607	7654.51287	338.77986	0	4.4	0	0	3
83	62	0	1.29907238	116077.544	111053.531	106273.616	116077.544	7829.52842	343.529227	0	4.3	0	0	3
84	63	0	1.31472386	116406.571	111370.186	106561.007	116406.571	7996.68147	348.297197	0	4.3	0	0	3
85	64	0	1.33037533	116732.845	111688.056	106851.675	116732.845	8156.45961	353.054627	0	4.3	0	0	3
86	65	0	1.34602681	117062.59	112007.147	107145.268	117062.59	8308.76214	357.808357	0	4.3	0	0	3
87	65	0	1.36167828	117390.582	112327.313	107439.972	117390.582	8453.19396	362.565523	0	4.2	0	0	3
88	66	0	1.37732976	117718.578	112648.52	107736.245	117718.578	8589.97967	367.313372	0	4.2	0	0	3
89	67	0	1.39298123	118039.677	112970.502	108034.542	118039.677	8719.66825	372.011075	0	4.2	0	0	3
90	68	0	1.40863271	118362.647	113293.255	108326.145	118362.647	8842.71383	376.65736	0	4.2	0	0	3
91	68	0	1.42428418	118684.366	113616.95	108629.453	118684.366	8958.78905	381.261228	0	4.2	0	0	3
92	69	0	1.43993565	119002.869	113941.119	108934.324	119002.869	9067.50824	385.819343	0	4.2	0	0	3
93	70	0	1.45558713	119320.936	114265.701	109238.952	119320.936	9168.96034	390.331224	0	4.2	0	0	3
94	71	0	1.4712386	119647.16	114590.957	109546.86	119647.16	9264.14566	394.78276	0	4.2	0	0	3
95	72	0	1.48689008	119962.718	114916.453	109860.969	119962.718	9352.23707	399.175591	0	4.2	0	0	3
96	72	0	1.50254155	120282.377	115242.122	110170.894	120282.377	9433.72797	403.506212	0	4.2	0	0	3
97	73	0	1.51819303	120599.529	115568.017	110487.783	120599.529	9508.32842	407.781629	0	4.2	0	0	3
98	74	0	1.5338445	120915.365	115893.879	110804.475	120915.365	9575.64793	412.009445	0	4.3	0	0	3
99	75	0	1.54949598	121230.82	116219.702	111125.985	121230.82	9637.21531	416.147195	0	4.3	0	0	3
100	75	0	1.56514745	121548.974	116545.42	111451.016	121548.974	9692.71272	420.208409	0	4.3	0	0	3
101	76	0	1.58079893	121864.411	116870.839	111780.963	121864.411	9741.9675	424.192526	0	4.3	0	0	3
102	77	0	1.5964504	122183.122	117195.906	112109.427	122183.122	9785.16982	428.103286	0	4.3	0	0	3
103	78	0	1.61210187	122496.105	117520.49	112440.227	122496.105	9821.95298	431.94589	0	4.3	0	0	3
104	79	0	1.62775335	122811.307	117844.586	112772.709	122811.307	9854.75545	435.667243	0	4.4	0	0	3
105	80	0	1.64340482	123121.644	118167.99	113108.02	123121.644	9883.49006	439.267835	0	4.4	0	0	3
106	81	0	1.6590563	123431.448	118490.598	113439.67	123431.448	9908.1274	442.756798	0	4.4	0	0	3
107	81	0	1.67470777	123735.49	118812.342	113773.634	123735.49	9928.94335	446.128662	0	4.4	0	0	3
108	82	0	1.69035925	124045.561	119133.34	114106.987	124045.561	9938.57416	449.390657	0	4.5	0	0	3
109	83	0	1.70601072	124344.782	119453.271	114439.149	124344.782	9905.6333	452.542403	0	4.5	0	0	3
110	84	0	1.7216622	124647.607	119772.285	114768.147	124647.607	9879.46012	455.584971	0	4.6	0	0	3
111	85	0	1.73731367	124948.442	120090.419	115100.274	124948.442	9848.16811	458.520415	0	4.6	0	0	3
112	86	0	1.75296514	125249.562	120407.585	115423.468	125249.562	9826.0938	461.353873	0	4.6	0	0	3
113	87	0	1.76861662	125543.182	120723.826	115753.607	125543.182	9789.57493	464.080907	0	4.7	0	0	3
114	87	0	1.78426809	125841.396	121039.069	116077.544	125841.396	9763.85168	466.708015	0	4.7	0	0	3
115	88	0	1.79991957	126131.362	121353.251	116406.571	126131.362	9724.79141	469.237905	0	4.8	0	0	3
116	89	0	1.81557104	126420.792	121666.195	116732.845	126420.792	9687.94685	471.671667	0	4.8	0	0	3
117	90	0	1.83122252	126706.785	121977.881	117062.59	126706.785	9644.19436	474.010943	0	4.9	0	0	3
118	91	0	1.84687399	126992.052	122288.177	117390.582	126992.052	9601.47015	476.258954	0	4.9	0	0	3
119	92	0	1.86252547	127273.631	122597.022	117718.578	127273.631	9555.05321	478.41806	0	5	0	0	3
120	92	0	1.87817694	127556.908	122904.47	118039.677	127556.908	9517.23126	480.493092	0	5	0	0	3
121	93	0	1.89382842	127832.334	123210.49	118362.647	127832.334	9469.68627	482.483279	0	5	0	0	3
122	94	0	1.90947989	128108.924	123515.061	118684.366	128108.924	9424.55747	484.397074	0	5.1	0	0	3
123	95	0	1.92513136	128382.52	123818.129	119002.869	128382.52	9379.65068	486.230886	0	5.1	0	0	3
124	96	0	1.94078284	128657.077	124119.823	119320.936	128657.077	9336.14023	487.988415	0	5.2	0	0	3
125	97	0	1.95643431	128925.569	124419.967	119647.16	128925.569	9278.40912	489.670547	0	5.2	0	0	3
126	97	0	1.97208579	129196.803	124718.394	119962.718	129196.803	9234.08468	491.280672	0	5.3	0	0	3
127	98	0	1.98773726	129460.702	125015.206	120282.377	129460.702	9178.32566	492.815773	0	5.3	0	0	3
128	99	0	2.00338874	129725.491	125310.303	120599.529	129725.491	9125.9629	494.281744	0	5.4	0	0	3
129	100	0	2.01904021	129987.577	125603.68	120915.365	129987.577	9072.21219	495.677314	0	5.4	0	0	3
130	101	0	2.03469169	130248.145	125895.329	121230.82	130248.145	9017.32569	497.005084	0	5.5	0	0	3
131	101	0	2.05034316	130504.318	126185.126	121548.974	130504.318	8955.34392	498.263963	0	5.5	0	0	3
132	102	0	2.06599463	130763.936	126473.093	121864.411	130763.936	8899.52451	499.456957	0	5.6	0	0	3
133	103	0	2.08164611	131015.71	126759.071	122183.122	131015.71	8832.58836	500.581385	0	5.6	0	0	3
134	104	0	2.09729758	131268.906	127043.002	122496.105	131268.906	8772.80068	501.641427	0	5.7	0	0	3
135	105	0	2.11294906	131520.035	127325	122811.307	131520.035	8708.72755	502.637946	0	5.7	0	0	3
136	105	0	2.12860053	131771.646	127605.011	123121.644	131771.646	8650.00209	503.573087	0	5.8	0	0	3
137	106	0	2.14425201	132017.333	127883.001	123431.448	132017.333	8585.88499	504.445776	0	5.8	0	0	3
138	107	0	2.15990348	132266.666	128159.101	123735.49	132266.666	8531.17577	505.261507	0	5.9	0	0	3
139	108	0	2.17555496	132509.81	128433.299	124045.561	132509.81	8464.249	506.019157	0	5.9	0	0	3
140	108	0	2.19120643	132756.073	128705.502	124344.782	132756.073	8411.2909	506.722491	0	6	0	0	3
141	109	0	2.20685791	132998.916	128975.944	124647.607	132998.916	8351.30901	507.372758	0	6	0	0	3
142	110	0	2.22250938	133239.597	129244.444	124948.442	133239.597	8291.15508	507.972383	0	6.1	0	0	3
143	111	0	2.23816085	133477.087	129510.964	125249.562	133477.087	8227.52551	508.520889	0	6.1	0	0	3
144	112	0	2.25381233	133716.473	129775.555	125543.182	133716.473	8173.29125	509.024255	0	6.2	0	0	3
145	112	0	2.2694638	133950.999	130038.299	125841.396	133950.999	8109.60341	509.47978	0	6.2	0	0	3
146	113	0	2.28511528	134183.877	130299.002	126131.362	134183.877	8052.51479	509.89088	0	6.3	0	0	3
147	114	0	2.30076675	134416.024	130557.897	126420.792	134416.024	7995.23167	510.257057	0	6.3	0	0	3
148	115	0	2.31641823	134647.022	130814.967	126706.785	134647.022	7940.23788	510.580489	0	6.4	0	0	3
149	116	0	2.3320697	134872.514	131070.146	126992.052	134872.514	7880.46134	510.859515	0	6.4	0	0	3
150	116	0	2.34772118	135100.226	131323.527	127273.631	135100.226	7826.59469	511.097071	0	6.5	0	0	3
151	117	0	2.36337265	135322.557	131575.055	127556.908	135322.557	7765.64817	511.292729	0	6.5	0	0	3
152	118	0	2.37902412	135544.946	131824.682	127832.334	135544.946	7712.61245	511.45029	0	6.6	0	0	3
153	119	0	2.3946756	135764.406	132072.559	128108.924	135764.406	7655.48206	511.569419	0	6.6	0	0	3
154	119	0	2.41032707	135986.648	132318.738	128382.52	135986.648	7604.12811	511.652742	0	6.7	0	0	3
155	120	0	2.42597855	136202.781	132563.121	128657.077	136202.781	7545.70465	511.700485	0	6.7	0	0	3
156	121	0	2.44163002	136419.739	132805.704	128925.569	136419.739	7494.17007	511.714219	0	6.8	0	0	3
157	122	0	2.4572815	136633.436	133046.575	129196.803	136633.436	7436.63307	511.69136	0	6.8	0	0	3
158	123	0	2.47293297	136846.421	133285.626	129460.702	136846.421	7385.71818	511.63625	0	6.9	0	0	3
159	123	0	2.48858445	137057.099	133523.013	129725.491	137057.099	7331.60762	511.547886	0	6.9	0	0	3
160	124	0	2.50423592	137268.007	133758.717	129987.577	137268.007	7280.43065	511.428162	0	7	0	0	3
161	125	0	2.5198874	137472.934	133992.634	130248.145	137472.934	7224.78842	511.276605	0	7	0	0	3
162	126	0	2.53553887	137681.118	134224.914	130504.318	137681.118	7176.80038	511.095302	0	7.1	0	0	3
163	126	0	2.55119034	137885.356	134455.572	130763.936	137885.356	7121.42028	510.883142	0	7.1	0	0	3
164	127	0	2.56684182	138089.721	134684.503	131015.71	138089.721	7074.01054	510.641904	0	7.2	0	0	3
165	128	0	2.58249329	138291.763	134911.879	131268.906	138291.763	7022.85757	510.370788	0	7.2	0	0	3
166	129	0	2.59814477	138491.907	135137.598	131520.035	138491.907	6971.87282	510.071801	0	7.3	0	0	3
167	130	0	2.61379624	138687.572	135361.584	131771.646	138687.572	6915.92594	509.743802	0	7.3	0	0	3
168	130	0	2.62944772	138887.021	135583.939	132017.333	138887.021	6869.68867	509.390124	0	7.4	0	0	3
169	131	0	2.64509919	139081.456	135804.693	132266.666	139081.456	6814.79043	509.010221	0	7.4	0	0	3
170	132	0	2.66075067	139273.719	136023.663	132509.81	139273.719	6763.9082	508.605849	0	7.5	0	0	3
171	133	0	2.67640214	139466.587	136241.063	132756.073	139466.587	6710.51444	508.176176	0	7.5	0	0	3
172	133	0	2.69205361	139658.35	136456.759	132998.916	139658.35	6659.43389	507.72461	0	7.6	0	0	3
173	134	0	2.70770509	139844.037	136670.669	133239.597	139844.037	6604.44	507.24909	0	7.6	0	0	3
174	135	0	2.72335656	140033.988	136882.994	133477.087	140033.988	6556.90048	506.751974	0	7.7	0	0	3
175	136	0	2.73900804	140218.326	137093.657	133716.473	140218.326	6501.85291	506.232253	0	7.7	0	0	3
176	136	0	2.75465951	140401.071	137302.551	133950.999	140401.071	6450.07194	505.692114	0	7.8	0	0	3
177	137	0	2.77031099	140584.332	137509.843	134183.877	140584.332	6400.45494	505.131016	0	7.8	0	0	3
178	138	0	2.78596246	140765.671	137715.524	134416.024	140765.671	6349.64716	504.551176	0	7.9	0	0	3
179	139	0	2.80161394	140941.835	137919.455	134647.022	140941.835	6294.81235	503.951873	0	8	0	0	3
180	140	0	2.81726541	141122.287	138121.807	134872.514	141122.287	6249.77328	503.335607	0	8	0	0	3
181	140	0	2.83291689	141297.467	138322.587	135100.226	141297.467	6197.24086	502.701649	0	8.1	0	0	3
182	141	0	2.84856836	141471.621	138521.693	135322.557	141471.621	6149.06408	502.051123	0	8.1	0	0	3
183	142	0	2.86421983	141646.559	138719.318	135544.946	141646.559	6101.61272	501.384219	0	8.2	0	0	3
184	143	0	2.87987131	141819.267	138915.391	135764.406	141819.267	6054.86149	500.702751	0	8.2	0	0	3
185	144	0	2.89552278	141987.625	139109.866	135986.648	141987.625	6000.97647	500.005712	0	8.3	0	0	3
186	144	0	2.91117426	142160.246	139302.791	136202.781	142160.246	5957.46437	499.295269	0	8.3	0	0	3
187	145	0	2.92682573	142327.267	139494.181	136419.739	142327.267	5907.52858	498.570151	0	8.4	0	0	3
188	146	0	2.94247721	142493.894	139683.999	136633.436	142493.894	5860.45811	497.832084	0	8.4	0	0	3
189	147	0	2.95812868	142660.448	139872.343	136846.421	142660.448	5814.02769	497.080702	0	8.5	0	0	3
190	147	0	2.97378016	142824.565	140059.16	137057.099	142824.565	5767.46574	496.317489	0	8.6	0	0	3
191	148	0	2.98943163	142984.782	140244.4	137268.007	142984.782	5716.7744	495.541593	0	8.6	0	0	3
192	149	0	3.00508311	143149.308	140428.191	137472.934	143149.308	5676.37405	494.754955	0	8.7	0	0	3
193	150	0	3.02073458	143308.586	140610.555	137681.118	143308.586	5627.46769	493.956957	0	8.7	0	0	3
194	151	0	3.03638605	143467.21	140791.37	137885.356	143467.21	5581.85386	493.148725	0	8.8	0	0	3
195	152	0	3.05203753	143626.84	140970.791	138089.721	143626.84	5537.11884	492.329934	0	8.8	0	0	3
196	153	0	3.067689	143783.543	141148.723	138291.763	143783.543	5491.77967	491.501942	0	8.9	0	0	3
197	153	0	3.08334048	143936.469	141325.12	138491.907	143936.469	5444.56114	490.663783	0	9	0	0	3
198	154	0	3.09899195	144093.314	141500.164	138687.572	144093.314	5405.74286	489.817027	0	9	0	0	3
199	155	0	3.11464343	144244.852	141673.829	138887.021	144244.852	5357.83055	488.960576	0	9.1	0	0	3
200	156	0	3.1302949	144395.674	141845.975	139081.456	144395.674	5314.21812	488.095794	0	9.1	0	0	3
201	157	0	3.14594638	144547.611	142016.792	139273.719	144547.611	5273.89243	487.222309	0	9.2	0	0	3
202	158	0	3.16159785	144696.48	142186.253	139466.587	144696.48	5229.89296	486.340989	0	9.2	0	0	3
203	158	0	3.17724932	144841.433	142354.217	139658.35	144841.433	5183.0824	485.450484	0	9.3	0	0	3
204	159	0	3.1929008	144990.709	142520.854	139844.037	144990.709	5146.67147	484.55265	0	9.4	0	0	3
205	160	0	3.20855227	145134.549	142686.182	140033.988	145134.549	5100.56165	483.646948	0	9.4	0	0	3
206	161	0	3.22420375	145277.411	142850.039	140218.326	145277.411	5059.08473	482.734009	0	9.5	0	0	3
207	162	0	3.23985522	145421.609	143012.642	140401.071	145421.609	5020.53771	481.81387	0	9.5	0	0	3
208	162	0	3.2555067	145562.955	143173.951	140584.332	145562.955	4978.62308	480.887098	0	9.6	0	0	3
209	163	0	3.27115817	145700.514	143333.831	140765.671	145700.514	4934.84293	479.953387	0	9.7	0	0	3
210	164	0	3.28680965	145842.353	143492.478	140941.835	145842.353	4900.51845	479.013911	0	9.7	0	0	3
211	165	0	3.30246112	145979.151	143649.894	141122.287	145979.151	4856.86378	478.067992	0	9.8	0	0	3
212	165	0	3.3181126	146114.851	143805.911	141297.467	146114.851	4817.38446	477.116656	0	9.9	0	0	3
213	166	0	3.33376407	146252.121	143960.744	141471.621	146252.121	4780.50028	476.159878	0	9.9	0	0	3
214	167	0	3.34941554	146386.799	144114.344	141646.559	146386.799	4740.24008	475.198328	0	10	0	0	3
215	168	0	3.36506702	146517.669	144266.566	141819.267	146517.669	4698.40178	474.23133	0	10	0	0	3
216	169	0	3.38071849	146652.9	144417.617	141987.625	146652.9	4665.27504	473.260432	0	10.1	0	0	3
217	169	0	3.39636997	146783.272	144567.481	142160.246	146783.272	4623.02682	472.284212	0	10.2	0	0	3
218	170	0	3.41202144	146912.342	144715.984	142327.267	146912.342	4585.0744	471.303709	0	10.2	0	0	3
219	171	0	3.42767292	147043.268	144863.359	142493.894	147043.268	4549.37395	470.319207	0	10.3	0	0	3
220	172	0	3.44332439	147171.651	145009.539	142660.448	147171.651	4511.20277	469.33092	0	10.4	0	0	3
221	172	0	3.45897587	147296.41	145154.412	142824.565	147296.41	4471.84516	468.338364	0	10.4	0	0	3
222	173	0	3.47462734	147425.643	145298.196	142984.782	147425.643	4440.86093	467.342908	0	10.5	0	0	3
223	174	0	3.49027881	147550.076	145440.862	143149.308	147550.076	4400.76768	466.343658	0	10.5	0	0	3
224	175	0	3.50593029	147673.18	145582.233	143308.586	147673.18	4364.59336	465.341556	0	10.6	0	0	3
225	176	0	3.52158176	147798.592	145722.545	143467.21	147798.592	4331.38263	464.336479	0	10.7	0	0	3
226	176	0	3.53723324	147921.035	145861.727	143626.84	147921.035	4294.19479	463.328664	0	10.7	0	0	3
227	177	0	3.55288471	148040.259	145999.647	143783.543	148040.259	4256.7156	462.317544	0	10.8	0	0	3
228	178	0	3.56853619	148163.322	146136.515	143936.469	148163.322	4226.85366	461.304307	0	10.9	0	0	3
229	179	0	3.58418766	148282.229	146272.32	144093.314	148282.229	4188.91424	460.288582	0	10.9	0	0	3
230	180	0	3.59983914	148399.633	146406.892	144244.852	148399.633	4154.78079	459.270951	0	11	0	0	3
231	180	0	3.61549061	148519.383	146540.471	144395.674	148519.383	4123.70931	458.25119	0	11.1	0	0	3
232	181	0	3.63114209	148636.204	146672.988	144547.611	148636.204	4088.5928	457.229709	0	11.1	0	0	3
233	182	0	3.64679356	148749.75	146804.305	144696.48	148749.75	4053.26965	456.206344	0	11.2	0	0	3
234	183	0	3.66244503	148867.372	146934.645	144841.433	148867.372	4025.9392	455.181739	0	11.3	0	0	3
235	184	0	3.67809651	148980.993	147064.006	144990.709	148980.993	3990.28434	454.155409	0	11.3	0	0	3
236	184	0	3.69374798	149092.98	147192.202	145134.549	149092.98	3958.43056	453.128158	0	11.4	0	0	3
237	185	0	3.70939946	149207.59	147319.485	145277.411	149207.59	3930.17926	452.099718	0	11.5	0	0	3
238	186	0	3.72505093	149319.143	147445.789	145421.609	149319.143	3897.53471	451.070551	0	11.5	0	0	3
239	187	0	3.74070241	149427.489	147570.973	145562.955	149427.489	3864.53426	450.040391	0	11.6	0	0	3
240	188	0	3.75635388	149539.992	147695.255	145700.514	149539.992	3839.47783	449.009876	0	11.6	0	0	3
241	188	0	3.77200536	149648.585	147818.632	145842.353	149648.585	3806.23125	447.978675	0	11.7	0	0	3
242	189	0	3.78765683	149755.517	147940.919	145979.151	149755.517	3776.36633	446.947393	0	11.8	0	0	3
243	190	0	3.8033083	149865.127	148062.355	146114.851	149865.127	3750.27547	445.915761	0	11.8	0	0	3
244	191	0	3.81895978	149971.618	148182.879	146252.121	149971.618	3719.49699	444.884143	0	11.9	0	0	3
245	191	0	3.83461125	150075.232	148302.352	146386.799	150075.232	3688.43314	443.852232	0	12	0	0	3
246	192	0	3.85026273	150182.528	148420.968	146517.669	150182.528	3664.85941	442.820512	0	12	0	0	3
247	193	0	3.8659142	150287.222	148538.767	146652.9	150287.222	3634.32213	441.788917	0	12.1	0	0	3
248	194	0	3.88156568	150389.359	148655.531	146783.272	150389.359	3606.08655	440.757738	0	12.2	0	0	3
249	194	0	3.89721715	150493.298	148771.469	146912.342	150493.298	3580.95636	439.72657	0	12.2	0	0	3
250	195	0	3.91286863	150595.45	148886.567	147043.268	150595.45	3552.18161	438.696026	0	12.3	0	0	3
251	196	0	3.9285201	150694.163	149000.657	147171.651	150694.163	3522.51237	437.665609	0	12.4	0	0	3
252	197	0	3.94417158	150796.304	149113.927	147296.41	150796.304	3499.89392	436.635876	0	12.4	0	0	3
253	198	0	3.95982305	150895.671	149226.404	147425.643	150895.671	3470.02781	435.606761	0	12.5	0	0	3
254	198	0	3.97547452	150994.126	149337.919	147550.076	150994.126	3444.05069	434.578727	0	12.6	0	0	3
255	199	0	3.991126	151093.165	149448.641	147673.18	151093.165	3419.98513	433.551172	0	12.6	0	0	3
256	200	0	4.00677747	151189.516	149558.526	147798.592	151189.516	3390.92381	432.524488	0	12.7	0	0	3
